-328.000000 -406.000000 302.000000, -272.000000 -456.000000 150.000000, 602.000000 598.000000 24.000000, 479.000000 -430.000000 595.000000, -687.000000 -260.000000 -177.000000, -722.000000 -256.000000 -36.000000, -710.000000 -204.000000 -63.000000, 531.000000 687.000000 -180.000000, -516.000000 -127.000000 -154.000000, -550.000000 -389.000000 -53.000000, 
-287.410706 -335.827240 263.720703, -249.994781 -369.149384 135.965195, 498.655670 616.503113 15.409280, 500.065430 -449.349518 464.086151, -675.128845 -270.760071 -200.222351, -713.548157 -304.532990 -45.479477, -686.709778 -175.043915 -69.454414, 466.179749 657.334167 -110.303787, -553.970215 -173.807205 -148.545700, -560.814697 -333.649597 -81.733826, 
-281.198669 -341.267242 260.574646, -253.309631 -366.526642 127.588577, 494.959442 621.153259 20.430689, 500.071198 -449.343048 464.029846, -683.134888 -274.345917 -212.793701, -715.311096 -316.351135 -60.148014, -691.720459 -171.814926 -75.362434, 471.001068 651.286316 -111.904114, -561.828735 -179.698105 -156.149475, -565.266724 -324.699188 -93.119186, 
-276.382172 -345.188049 259.338104, -256.484650 -364.053162 122.936142, 491.597107 625.514465 23.325558, 500.071198 -449.342987 464.029877, -688.985596 -275.175232 -217.406662, -715.068848 -320.042969 -66.326256, -693.896179 -172.471848 -77.793228, 474.787659 646.387390 -113.120110, -565.721619 -180.703171 -161.738998, -566.086975 -320.884674 -98.141708, 
-272.988861 -348.078827 258.755920, -259.271179 -361.722687 120.399551, 489.037933 628.884460 24.774700, 500.071167 -449.343048 464.029846, -693.194214 -275.270721 -219.000992, -714.181702 -322.018677 -68.927513, -694.061584 -173.233368 -77.781837, 477.495422 642.829285 -113.781158, -568.197998 -180.552963 -165.849030, -565.986267 -318.817108 -101.587616, 
-270.552734 -350.056213 258.498474, -261.497192 -359.943390 119.130943, 487.270935 631.501404 25.606369, 500.071198 -449.342987 464.029846, -696.136475 -275.068054 -219.365005, -713.185547 -323.059631 -69.627975, -693.237610 -173.877060 -76.671013, 479.331879 640.123779 -113.991562, -570.067383 -180.268570 -168.850983, -565.576477 -317.615295 -103.776230, 
-268.816711 -351.319946 258.267944, -263.152710 -358.760529 118.416420, 485.982483 633.307678 26.025265, 500.071167 -449.343048 464.029846, -698.439636 -274.666534 -219.021378, -712.321899 -323.600189 -69.631104, -691.571472 -174.144363 -75.132828, 480.646698 638.286926 -114.048546, -571.471313 -180.175934 -171.798477, -565.076721 -316.838959 -105.430122, 
-267.627991 -352.141205 258.229187, -264.321198 -357.960938 118.153847, 484.952606 634.538208 26.241276, 500.071167 -449.343048 464.029846, -700.450989 -274.318665 -218.483002, -711.528992 -323.981750 -69.377930, -689.486694 -174.285934 -73.326332, 481.686096 637.047302 -114.051796, -572.893311 -180.277802 -174.917999, -564.766296 -316.314453 -106.837410, 
-266.852295 -352.617340 258.195160, -265.089600 -357.493622 118.025581, 484.289368 635.320801 26.369167, 500.071167 -449.342987 464.029877, -702.356140 -273.972382 -217.799850, -710.873352 -324.222015 -69.002975, -687.013489 -174.380157 -71.758408, 482.352631 636.262512 -114.005676, -574.152649 -180.487198 -178.189941, -564.438293 -315.887482 -108.084656, 
-266.301270 -352.950958 258.161316, -265.637604 -357.164856 117.947311, 483.850616 635.854736 26.409216, 500.071167 -449.343048 464.029877, -703.743652 -273.686920 -217.148804, -710.525818 -324.332703 -68.715225, -684.196594 -174.411087 -70.296890, 482.791260 635.729065 -113.995163, -575.315369 -180.675522 -181.198792, -564.300110 -315.873810 -109.085739, 
-265.934906 -353.158325 258.154297, -266.002960 -356.959045 117.920731, 483.494751 636.247314 26.400408, 500.071198 -449.342957 464.029877, -705.117798 -273.280609 -216.538269, -710.360107 -324.176819 -68.505997, -681.281738 -174.398361 -68.919281, 483.146423 635.337158 -114.014427, -576.437988 -180.969360 -183.858673, -564.200928 -316.087158 -110.147049, 
-265.725983 -353.318481 258.136841, -266.211548 -356.800293 117.893326, 483.254608 636.445923 26.386801, 500.071198 -449.342957 464.029877, -706.505493 -272.825134 -215.871277, -710.122986 -324.064331 -68.276649, -678.354614 -174.352890 -67.698647, 483.386230 635.138550 -114.028908, -577.529602 -181.433060 -186.426498, -564.156311 -316.523163 -111.384529, 
-265.561066 -353.450684 258.120270, -266.376404 -356.669250 117.870636, 483.032440 636.641296 26.413540, 500.071167 -449.343048 464.029877, -707.806763 -272.336395 -215.237381, -710.034363 -323.781952 -67.925690, -675.353210 -174.238800 -66.731216, 483.607971 634.944031 -113.999481, -578.479614 -181.944382 -188.868622, -564.257568 -316.955475 -112.434700, 
-265.425049 -353.539398 258.090973, -266.512756 -356.582001 117.838257, 482.939819 636.726196 26.418058, 500.071106 -449.342987 464.029877, -708.955627 -271.868866 -214.641373, -710.130615 -323.251617 -67.617706, -672.264526 -174.004486 -66.060852, 483.700348 634.859375 -113.992767, -579.278320 -182.625793 -191.297577, -564.418030 -317.545532 -113.395943, 
-265.338196 -353.612793 258.066711, -266.600098 -356.509735 117.811996, 482.908417 636.783508 26.434059, 500.071106 -449.342987 464.029877, -710.170471 -271.202850 -214.046982, -710.217102 -322.783142 -67.316956, -669.604492 -173.902649 -65.356247, 483.731506 634.802734 -113.975067, -580.028564 -183.060181 -193.072235, -564.720093 -318.200134 -114.534607, 
-265.266968 -353.650757 258.072540, -266.671234 -356.471436 117.817368, 482.891968 636.827515 26.441801, 500.071167 -449.342987 464.029907, -711.369019 -270.369293 -213.470596, -710.233948 -322.371643 -67.052422, -667.176270 -173.981354 -64.583328, 483.747772 634.759155 -113.965965, -580.577942 -183.417313 -194.377090, -564.972107 -318.787231 -115.678551, 
-265.219177 -353.686401 258.078430, -266.718811 -356.435547 117.822708, 482.874664 636.875977 26.466322, 500.071167 -449.342957 464.029846, -712.373230 -269.600677 -212.890884, -710.250366 -322.061310 -66.903481, -665.089172 -174.042145 -63.982193, 483.764709 634.711609 -113.939941, -580.946777 -183.797440 -195.349670, -565.221924 -319.539001 -116.887894, 
-265.187134 -353.716431 258.092743, -266.750488 -356.405029 117.836456, 482.863861 636.907593 26.482666, 500.071106 -449.342987 464.029877, -713.121033 -268.828400 -212.404144, -710.259644 -321.794830 -66.705238, -663.203186 -174.131851 -63.399155, 483.775269 634.680603 -113.922592, -581.177734 -184.093475 -196.056198, -565.504822 -320.226013 -117.962845, 
-265.168121 -353.725220 258.092712, -266.769562 -356.396271 117.836502, 482.836639 636.927734 26.501884, 500.071167 -449.342957 464.029877, -713.869385 -268.000824 -211.953278, -710.226257 -321.551025 -66.528114, -661.341675 -174.259979 -62.930607, 483.802124 634.661194 -113.902496, -581.453064 -184.378357 -196.929474, -565.728943 -320.758789 -118.917984, 
-265.157379 -353.744110 258.092926, -266.780396 -356.377350 117.836258, 482.821991 636.945740 26.515577, 500.071198 -449.342987 464.029846, -714.515930 -267.277466 -211.570267, -710.176697 -321.205292 -66.282211, -659.873657 -174.358490 -62.525761, 483.816498 634.643738 -113.888115, -581.637146 -184.575104 -197.452255, -565.992126 -321.320343 -119.932205, 
-265.153473 -353.746338 258.095734, -266.784119 -356.375031 117.839066, 482.816650 636.962463 26.518085, 500.071198 -449.343048 464.029846, -715.095764 -266.436432 -211.191345, -710.111267 -320.948944 -66.142151, -658.544739 -174.488129 -62.115284, 483.821808 634.627136 -113.885002, -581.747314 -184.679459 -197.839081, -566.244019 -321.868805 -120.888664, 
-265.153503 -353.746338 258.095734, -266.784119 -356.375031 117.839066, 482.812408 636.970276 26.517925, 500.071198 -449.342957 464.029877, -715.636902 -265.594635 -210.848251, -710.163208 -320.802094 -66.050468, -657.370117 -174.630447 -61.796509, 483.825989 634.619263 -113.884842, -581.756226 -184.817200 -198.243378, -566.498657 -322.234375 -121.694206, 
-265.153503 -353.746338 258.095734, -266.784119 -356.375031 117.839066, 482.813019 636.980103 26.517763, 500.071106 -449.342957 464.029846, -716.069153 -264.812317 -210.554672, -710.156799 -320.654236 -66.006340, -656.103210 -174.828812 -61.455154, 483.825378 634.609497 -113.884689, -581.815063 -184.870728 -198.618011, -566.752563 -322.695007 -122.505463, 
-265.153473 -353.746338 258.095825, -266.784119 -356.374969 117.839066, 482.811920 636.986877 26.517643, 500.071167 -449.343048 464.029846, -716.498535 -264.064728 -210.241409, -710.123108 -320.575897 -65.989479, -655.007446 -175.011536 -61.111111, 483.826477 634.602844 -113.884567, -581.858093 -184.977509 -198.908279, -566.981201 -323.128998 -123.310364, 
-265.153534 -353.746338 258.095734, -266.784149 -356.375031 117.839066, 482.814148 637.001709 26.508961, 500.071167 -449.343048 464.029846, -716.993774 -263.210297 -209.974258, -710.053345 -320.395721 -65.942719, -653.938843 -175.189682 -60.787365, 483.824371 634.587708 -113.892731, -581.926636 -185.069336 -199.174118, -567.265076 -323.593353 -124.234474, 
-265.153503 -353.746338 258.095795, -266.784149 -356.375061 117.839066, 482.819763 637.018494 26.497454, 500.071167 -449.343048 464.029846, -717.430603 -262.470184 -209.700272, -710.013306 -320.297760 -65.866035, -652.911621 -175.429398 -60.470745, 483.818970 634.570618 -113.903694, -581.938477 -185.085495 -199.356140, -567.588867 -324.054504 -125.153664, 
-265.153503 -353.746307 258.095764, -266.784149 -356.375061 117.839066, 482.823547 637.032043 26.485991, 500.071198 -449.342987 464.029877, -717.782349 -261.756500 -209.515121, -710.021912 -320.221161 -65.918434, -652.072815 -175.646667 -60.205055, 483.815338 634.556885 -113.914696, -581.919434 -184.983322 -199.378830, -567.833252 -324.415802 -126.001289, 
-265.153534 -353.746338 258.095734, -266.784088 -356.375031 117.839066, 482.834229 637.043701 26.483046, 500.071198 -449.342957 464.029846, -718.200439 -261.164154 -209.246368, -710.012207 -320.096802 -65.944145, -651.346497 -175.854385 -59.922245, 483.804749 634.545044 -113.917366, -581.925781 -184.946075 -199.462280, -568.068176 -324.732788 -126.794197, 
-265.153503 -353.746338 258.095734, -266.784149 -356.375031 117.839066, 482.828949 637.049133 26.480101, 500.071167 -449.342987 464.029877, -718.513367 -260.661255 -209.043259, -710.068970 -320.058105 -65.899071, -650.729553 -176.026733 -59.732124, 483.810059 634.539612 -113.920036, -582.005005 -184.893295 -199.586685, -568.245178 -324.890961 -127.368973, 
-265.153503 -353.746338 258.095764, -266.784119 -356.375031 117.839066, 482.821014 637.056091 26.474291, 500.071198 -449.342957 464.029907, -718.751465 -260.233124 -208.909286, -710.071655 -319.946808 -65.846809, -650.277039 -176.121002 -59.604809, 483.818024 634.532410 -113.925461, -582.045288 -184.820618 -199.639557, -568.431458 -325.071167 -127.861603, 
-265.153564 -353.746338 258.095795, -266.784149 -356.374969 117.839066, 482.821075 637.056091 26.474291, 500.071198 -449.342987 464.029877, -718.862122 -259.966064 -208.815521, -710.039856 -319.850067 -65.796379, -649.843994 -176.231537 -59.527508, 483.818024 634.532410 -113.925461, -582.033875 -184.758530 -199.681412, -568.505554 -325.230042 -128.254272, 
-265.153442 -353.746338 258.095734, -266.784119 -356.374969 117.839066, 482.821014 637.056091 26.474291, 500.071167 -449.343048 464.029846, -718.952942 -259.728821 -208.718353, -710.017090 -319.748230 -65.740341, -649.469971 -176.305313 -59.445461, 483.818024 634.532349 -113.925461, -582.049377 -184.711746 -199.725998, -568.588867 -325.388794 -128.590698, 
-265.153503 -353.746307 258.095673, -266.784149 -356.374969 117.839066, 482.821014 637.056274 26.474291, 500.071198 -449.343048 464.029846, -719.074463 -259.504608 -208.604889, -710.014465 -319.636627 -65.719093, -649.099548 -176.319916 -59.370052, 483.818024 634.532349 -113.925461, -582.080383 -184.719177 -199.808289, -568.646606 -325.473999 -128.814590, 
-265.153564 -353.746338 258.095764, -266.784149 -356.375061 117.839066, 482.819397 637.060486 26.471388, 500.071167 -449.342987 464.029846, -719.176697 -259.289551 -208.520615, -709.964661 -319.550018 -65.700325, -648.833313 -176.344452 -59.318562, 483.819702 634.527893 -113.928169, -582.092407 -184.672226 -199.886246, -568.703003 -325.537354 -129.061050, 
-265.153503 -353.746338 258.095734, -266.784088 -356.375061 117.839066, 482.820648 637.066589 26.465660, 500.071198 -449.343048 464.029846, -719.243164 -259.174164 -208.463608, -709.912964 -319.486938 -65.668221, -648.580933 -176.408249 -59.278622, 483.818512 634.521729 -113.933678, -582.119934 -184.616425 -199.937408, -568.720520 -325.610291 -129.320679, 
-265.153503 -353.746338 258.095734, -266.784088 -356.375061 117.839066, 482.819366 637.068787 26.462795, 500.071167 -449.343048 464.029846, -719.340088 -259.025482 -208.380203, -709.846863 -319.461151 -65.648048, -648.329346 -176.472641 -59.242004, 483.819824 634.519348 -113.936432, -582.141785 -184.609207 -200.024673, -568.743774 -325.682648 -129.494827, 
-265.153473 -353.746338 258.095734, -266.784119 -356.375061 117.839066, 482.819366 637.068787 26.462795, 500.071167 -449.343048 464.029877, -719.410278 -258.902740 -208.286270, -709.797729 -319.447266 -65.641731, -648.141602 -176.518021 -59.187744, 483.819824 634.519348 -113.936432, -582.158142 -184.591537 -200.058594, -568.745483 -325.742249 -129.658188, 
-265.153503 -353.746338 258.095734, -266.784119 -356.375031 117.839066, 482.819336 637.068787 26.462795, 500.071167 -449.343048 464.029846, -719.468750 -258.794739 -208.226959, -709.743713 -319.436920 -65.620529, -648.046326 -176.560654 -59.134617, 483.819824 634.519409 -113.936432, -582.163513 -184.576080 -200.060318, -568.757812 -325.784760 -129.807755, 
-265.153503 -353.746338 258.095734, -266.784149 -356.375061 117.839066, 482.819366 637.068787 26.462795, 500.071106 -449.343048 464.029907, -719.520447 -258.663239 -208.144516, -709.694519 -319.434967 -65.556496, -647.910522 -176.596985 -59.047474, 483.819824 634.519287 -113.936432, -582.194336 -184.522141 -200.052368, -568.781616 -325.793610 -129.941437, 
-265.153503 -353.746338 258.095734, -266.784119 -356.375061 117.839066, 482.819366 637.068665 26.462795, 500.071167 -449.342987 464.029846, -719.563477 -258.539337 -208.091965, -709.643127 -319.418396 -65.525490, -647.772644 -176.637604 -58.969360, 483.819824 634.519348 -113.936432, -582.225891 -184.521194 -200.069717, -568.783203 -325.825104 -130.075180, 
-265.153503 -353.746338 258.095734, -266.784088 -356.375031 117.839066, 482.819366 637.068787 26.462795, 500.071167 -449.342987 464.029877, -719.621033 -258.459167 -208.023712, -709.616211 -319.413361 -65.505379, -647.646057 -176.682800 -58.916397, 483.819824 634.519409 -113.936432, -582.250244 -184.476807 -200.050369, -568.789246 -325.860229 -130.217010, 
-265.153503 -353.746338 258.095734, -266.784149 -356.374969 117.839066, 482.819366 637.068726 26.462795, 500.071198 -449.342987 464.029846, -719.688538 -258.359497 -208.003372, -709.574280 -319.411835 -65.484406, -647.524475 -176.752518 -58.871078, 483.819824 634.519409 -113.936432, -582.283081 -184.416367 -200.044586, -568.842773 -325.909790 -130.427658, 
-265.153503 -353.746338 258.095734, -266.784119 -356.374969 117.839066, 482.819366 637.068726 26.462795, 500.071228 -449.343048 464.029846, -719.765503 -258.247589 -207.977646, -709.533020 -319.421692 -65.476822, -647.423767 -176.827759 -58.821182, 483.819824 634.519409 -113.936432, -582.296936 -184.377365 -200.056580, -568.887939 -325.939880 -130.630402, 
-265.153473 -353.746338 258.095734, -266.784149 -356.375061 117.839066, 482.819366 637.068787 26.462795, 500.071198 -449.342957 464.029907, -719.825500 -258.164520 -207.923019, -709.464233 -319.455231 -65.449165, -647.348633 -176.843948 -58.789658, 483.819824 634.519409 -113.936432, -582.331421 -184.344101 -200.081055, -568.892273 -325.926605 -130.800522, 
-265.153503 -353.746368 258.095764, -266.784149 -356.375061 117.839066, 482.819366 637.068726 26.462795, 500.071198 -449.342957 464.029846, -719.858459 -258.093170 -207.886597, -709.429749 -319.456390 -65.438515, -647.252686 -176.890976 -58.749100, 483.819824 634.519348 -113.936432, -582.343262 -184.304428 -200.098236, -568.911011 -325.953094 -130.927689, 
-265.153503 -353.746307 258.095734, -266.784180 -356.374969 117.839066, 482.819366 637.068787 26.462795, 500.071106 -449.342957 464.029907, -719.899353 -258.022369 -207.868011, -709.384338 -319.463196 -65.415726, -647.153198 -176.947784 -58.724148, 483.819824 634.519470 -113.936432, -582.386719 -184.240341 -200.109085, -568.938721 -325.996033 -131.130127, 
-265.153503 -353.746307 258.095734, -266.784149 -356.374969 117.839066, 482.819366 637.068848 26.462795, 500.071167 -449.343048 464.029846, -719.960754 -257.964691 -207.823593, -709.282104 -319.458344 -65.346313, -647.021729 -177.024292 -58.705116, 483.819824 634.519348 -113.936432, -582.403931 -184.179825 -200.131317, -568.979309 -326.065186 -131.352356, 
-265.153564 -353.746368 258.095795, -266.784149 -356.375031 117.839066, 482.819366 637.068787 26.462795, 500.071198 -449.342987 464.029846, -720.038452 -257.892120 -207.777267, -709.223633 -319.454193 -65.304085, -646.881836 -177.095032 -58.658634, 483.819824 634.519287 -113.936432, -582.453430 -184.134445 -200.158371, -569.021973 -326.109283 -131.488525, 
-265.153564 -353.746338 258.095764, -266.784149 -356.375061 117.839066, 482.819366 637.068909 26.462795, 500.071198 -449.342987 464.029877, -720.130859 -257.846130 -207.677170, -709.181091 -319.444092 -65.249153, -646.771118 -177.107422 -58.624920, 483.819824 634.519409 -113.936432, -582.524963 -184.137939 -200.213318, -569.047791 -326.134460 -131.602753, 
-265.153503 -353.746338 258.095764, -266.784149 -356.375031 117.839066, 482.819366 637.068726 26.462795, 500.071167 -449.342957 464.029846, -720.216309 -257.768066 -207.587585, -709.159119 -319.452850 -65.163216, -646.660767 -177.124573 -58.607498, 483.819824 634.519409 -113.936432, -582.557617 -184.135910 -200.257980, -569.123230 -326.169342 -131.743500, 
-265.153564 -353.746338 258.095734, -266.784119 -356.375061 117.839066, 482.819366 637.068787 26.462795, 500.071106 -449.343048 464.029846, -720.271362 -257.685364 -207.530701, -709.142029 -319.472534 -65.123634, -646.580811 -177.173294 -58.578434, 483.819824 634.519409 -113.936432, -582.560120 -184.129761 -200.282654, -569.177673 -326.212219 -131.842026, 
-265.153503 -353.746307 258.095703, -266.784149 -356.374969 117.839066, 482.819366 637.068787 26.462795, 500.071106 -449.343048 464.029846, -720.318054 -257.652924 -207.498810, -709.112000 -319.489136 -65.101036, -646.558899 -177.194855 -58.566917, 483.819824 634.519409 -113.936432, -582.581970 -184.115921 -200.285049, -569.205383 -326.236481 -131.943024, 
-265.153503 -353.746307 258.095734, -266.784119 -356.374969 117.839066, 482.819366 637.068787 26.462795, 500.071106 -449.342957 464.029846, -720.337158 -257.611328 -207.480667, -709.087891 -319.485565 -65.087242, -646.514282 -177.221436 -58.530323, 483.819824 634.519409 -113.936432, -582.588989 -184.099548 -200.270401, -569.224182 -326.260986 -132.012558, 
-265.153503 -353.746307 258.095764, -266.784149 -356.375031 117.839066, 482.819366 637.068787 26.462795, 500.071198 -449.342987 464.029877, -720.371094 -257.561859 -207.465668, -709.084412 -319.490540 -65.099609, -646.469055 -177.248428 -58.509689, 483.819824 634.519409 -113.936432, -582.586365 -184.072449 -200.256500, -569.263855 -326.291931 -132.115952, 
-265.153503 -353.746338 258.095764, -266.784088 -356.374969 117.839066, 482.819366 637.068787 26.462795, 500.071198 -449.342987 464.029877, -720.399170 -257.476685 -207.427246, -709.057373 -319.495331 -65.084541, -646.420288 -177.269806 -58.479183, 483.819824 634.519409 -113.936432, -582.577759 -184.038132 -200.245987, -569.272339 -326.293762 -132.207474, 
-265.153534 -353.746368 258.095764, -266.784088 -356.375031 117.839066, 482.819366 637.068787 26.462795, 500.071106 -449.342987 464.029907, -720.420410 -257.419067 -207.401276, -709.026245 -319.521088 -65.081139, -646.359436 -177.291199 -58.448589, 483.819824 634.519409 -113.936432, -582.585083 -184.016266 -200.241013, -569.299744 -326.316315 -132.302017, 
-265.153503 -353.746338 258.095764, -266.784088 -356.375031 117.839066, 482.819366 637.068787 26.462795, 500.071198 -449.342987 464.029877, -720.428223 -257.360046 -207.382339, -708.991150 -319.508148 -65.061172, -646.282349 -177.336105 -58.418144, 483.819824 634.519409 -113.936432, -582.572327 -183.972839 -200.226852, -569.306702 -326.346313 -132.433090, 
-265.153473 -353.746338 258.095703, -266.784119 -356.374969 117.839066, 482.819366 637.068787 26.462795, 500.071167 -449.343048 464.029907, -720.436035 -257.305298 -207.363205, -708.860413 -319.549652 -64.991966, -646.239136 -177.373581 -58.399334, 483.819824 634.519409 -113.936432, -582.538330 -183.965485 -200.224884, -569.291992 -326.343201 -132.593613, 
-265.153503 -353.746338 258.095734, -266.784119 -356.375031 117.839066, 482.819366 637.068665 26.462795, 500.071106 -449.342987 464.029907, -720.458618 -257.249054 -207.323502, -708.760925 -319.593475 -64.947754, -646.178467 -177.407059 -58.379856, 483.819824 634.519348 -113.936432, -582.520935 -183.942520 -200.212158, -569.286438 -326.360138 -132.739883, 
-265.153503 -353.746338 258.095703, -266.784119 -356.375061 117.839066, 482.819366 637.068787 26.462795, 500.071167 -449.342957 464.029877, -720.481934 -257.230225 -207.310959, -708.709412 -319.606964 -64.929276, -646.154602 -177.437210 -58.376362, 483.819824 634.519348 -113.936432, -582.531128 -183.900833 -200.186066, -569.289673 -326.389435 -132.870239, 
-265.153503 -353.746307 258.095703, -266.784149 -356.375061 117.839066, 482.819366 637.068848 26.462795, 500.071198 -449.343048 464.029907, -720.515137 -257.205109 -207.301758, -708.682312 -319.616455 -64.913826, -646.140137 -177.457916 -58.358440, 483.819824 634.519409 -113.936432, -582.536377 -183.882339 -200.170227, -569.310852 -326.390900 -132.968796, 
-265.153503 -353.746338 258.095764, -266.784088 -356.375031 117.839066, 482.819366 637.068848 26.462795, 500.071167 -449.342957 464.029907, -720.533630 -257.183014 -207.293472, -708.637817 -319.636871 -64.882210, -646.140137 -177.457916 -58.358440, 483.819824 634.519409 -113.936432, -582.536377 -183.882339 -200.170227, -569.328491 -326.391296 -133.015137, 
-265.153564 -353.746338 258.095734, -266.784119 -356.375031 117.839066, 482.819366 637.068726 26.462795, 500.071167 -449.342957 464.029846, -720.554871 -257.164459 -207.278961, -708.603455 -319.647400 -64.887573, -646.121643 -177.472855 -58.351185, 483.819824 634.519287 -113.936432, -582.541504 -183.873947 -200.172775, -569.323975 -326.402527 -133.069839, 
-265.153503 -353.746338 258.095764, -266.784149 -356.375031 117.839066, 482.819366 637.068726 26.462795, 500.071198 -449.342987 464.029846, -720.569885 -257.144684 -207.270615, -708.593506 -319.646973 -64.887825, -646.108948 -177.479446 -58.345715, 483.819824 634.519409 -113.936432, -582.541504 -183.873947 -200.172775, -569.337280 -326.417755 -133.110229, 
-265.153503 -353.746338 258.095734, -266.784088 -356.375061 117.839066, 482.819366 637.068787 26.462795, 500.071167 -449.342987 464.029785, -720.582764 -257.103546 -207.254471, -708.582764 -319.649811 -64.886116, -646.067749 -177.493271 -58.323746, 483.819824 634.519409 -113.936432, -582.541504 -183.873932 -200.172775, -569.347473 -326.429077 -133.128601, 
-265.153503 -353.746338 258.095734, -266.784119 -356.374969 117.839066, 482.819366 637.068726 26.462795, 500.071167 -449.342957 464.029846, -720.576477 -257.077332 -207.247375, -708.582764 -319.649811 -64.886093, -646.058960 -177.497192 -58.315479, 483.819824 634.519470 -113.936432, -582.520020 -183.875992 -200.173264, -569.347473 -326.429108 -133.128586, 
-265.153534 -353.746368 258.095764, -266.784149 -356.375061 117.839066, 482.819366 637.068787 26.462795, 500.071106 -449.342987 464.029907, -720.568237 -257.048767 -207.247482, -708.582764 -319.649841 -64.886116, -646.053040 -177.501297 -58.305641, 483.819824 634.519409 -113.936432, -582.497498 -183.880905 -200.166641, -569.347473 -326.429108 -133.128586, 
-265.153503 -353.746338 258.095764, -266.784149 -356.374969 117.839066, 482.819366 637.068787 26.462795, 500.071167 -449.343048 464.029846, -720.566528 -257.036987 -207.244629, -708.582764 -319.649811 -64.886093, -646.053101 -177.501297 -58.305641, 483.819824 634.519409 -113.936432, -582.471191 -183.895950 -200.147446, -569.355103 -326.448364 -133.133850, 
-265.153503 -353.746338 258.095734, -266.784149 -356.374969 117.839066, 482.819366 637.068726 26.462795, 500.071198 -449.342987 464.029846, -720.566528 -257.036987 -207.244629, -708.582764 -319.649780 -64.886093, -646.053101 -177.501282 -58.305641, 483.819824 634.519409 -113.936432, -582.466064 -183.904358 -200.144913, -569.357910 -326.454773 -133.129730, 
-265.153442 -353.746307 258.095764, -266.784149 -356.375061 117.839066, 482.819366 637.068848 26.462795, 500.071198 -449.342987 464.029907, -720.566589 -257.036957 -207.244629, -708.582825 -319.649811 -64.886101, -646.053101 -177.501297 -58.305641, 483.819824 634.519409 -113.936432, -582.466125 -183.904358 -200.144913, -569.357971 -326.454742 -133.129730, 
