-160.000000 100.000000 410.000000, -434.000000 490.000000 -284.000000, -305.000000 490.000000 -105.000000, -398.000000 585.000000 -202.000000, -642.000000 133.000000 150.000000, 494.000000 91.000000 -336.000000, -319.000000 289.000000 665.000000, 581.000000 88.000000 -491.000000, 454.000000 197.000000 -296.000000, -246.000000 474.000000 -276.000000, 
-167.100037 135.071121 505.495941, -398.933380 465.194489 -271.025543, -290.231567 493.140717 -118.192451, -368.046906 595.464417 -199.765015, -519.016663 -6.176181 21.886547, 457.254120 77.304237 -355.768707, -225.508377 206.373383 606.593933, 524.940735 130.208176 -468.302521, 434.394012 211.366806 -343.260101, -241.931885 496.374573 -262.819244, 
-164.334137 131.159042 496.475159, -387.058533 454.655792 -258.718658, -284.618958 487.991852 -116.636238, -361.768707 599.510132 -197.656570, -519.012573 -6.173396 21.881012, 448.128540 68.404320 -342.932587, -217.639435 197.674881 600.146851, 517.276672 142.017197 -457.097595, 435.290985 215.125656 -343.581482, -232.769196 505.226898 -263.019226, 
-163.917007 130.181198 488.798584, -381.126099 450.294434 -251.826813, -280.316956 484.763306 -115.938789, -360.041718 599.364868 -195.988083, -519.012634 -6.173396 21.881012, 444.553680 66.719398 -337.905609, -211.719620 190.912949 598.014465, 511.710236 143.972305 -451.959442, 435.070099 216.310593 -340.495178, -228.977966 511.969513 -263.425751, 
-165.497955 131.876785 481.702271, -377.969086 448.039398 -248.077271, -276.330902 482.846161 -116.012993, -360.517120 598.229126 -194.011658, -519.012634 -6.173396 21.881012, 443.349640 66.288460 -335.155090, -206.384628 184.509262 598.631775, 507.188019 144.000839 -450.347992, 435.551086 216.983093 -337.382965, -227.877975 517.057190 -263.950073, 
-168.774857 135.712448 475.320740, -376.199463 446.580292 -245.698090, -272.590332 481.860718 -116.570480, -362.011047 596.808838 -191.984375, -519.012634 -6.173396 21.881012, 443.361115 66.105194 -333.068298, -201.038589 178.049377 600.716919, 502.629608 143.908844 -450.484314, 436.891968 217.360352 -334.480469, -228.009354 521.088989 -264.614288, 
-172.570450 140.359390 470.646942, -375.132019 445.460938 -243.710846, -268.896088 481.458771 -117.352356, -363.624329 595.384216 -190.023972, -519.012695 -6.173396 21.881012, 444.237000 66.045738 -331.065460, -196.294464 172.176010 602.764282, 497.544373 143.806976 -451.543793, 438.949371 217.574478 -331.623932, -228.697876 524.298340 -265.363556, 
-175.973602 144.633392 467.758179, -374.463470 444.497223 -241.933212, -265.487488 481.470337 -118.320633, -365.194855 594.112183 -188.232498, -519.012512 -6.173396 21.881012, 445.790649 66.063828 -328.928986, -192.494186 167.377670 604.066528, 491.897400 143.721619 -452.950287, 441.526947 217.647568 -328.781128, -229.714203 526.967957 -266.209412, 
-178.667816 147.895813 466.229401, -374.008118 443.666870 -240.120926, -262.196686 481.829620 -119.342262, -366.510223 592.974854 -186.651016, -519.012695 -6.173396 21.881012, 447.857025 66.140427 -326.681396, -189.651413 163.917664 604.737671, 486.012085 143.597366 -454.332489, 444.388824 217.535675 -326.097595, -230.835114 529.164856 -267.156311, 
-180.582718 150.267563 465.499146, -373.735870 442.935150 -238.199600, -259.007416 482.407959 -120.389809, -367.638153 591.942505 -185.242905, -519.012634 -6.173396 21.881012, 450.210968 66.249016 -324.704346, -187.686340 161.476837 605.077576, 480.270569 143.534027 -455.437195, 447.395844 217.399033 -323.749359, -232.038147 530.902222 -268.155548, 
-181.918884 151.954147 465.102631, -373.520264 442.225830 -236.219513, -256.161774 483.188507 -121.319931, -368.513336 591.128601 -184.123154, -519.012695 -6.173396 21.881012, 452.451630 66.312973 -323.257751, -186.328156 159.757950 605.191895, 475.370148 143.500732 -456.094269, 450.113800 217.310699 -322.018616, -233.262817 532.236389 -269.142792, 
-182.884064 153.149918 464.899567, -373.353729 441.562042 -234.301895, -253.601547 484.090637 -122.171127, -369.211456 590.431335 -183.202606, -519.012634 -6.173396 21.881012, 454.422150 66.388763 -322.228210, -185.354721 158.549118 605.231689, 471.310608 143.513107 -456.480164, 452.491364 217.199188 -320.777008, -234.463638 533.147522 -270.135712, 
-183.485748 153.921219 464.806671, -373.157104 440.919312 -232.512360, -251.428528 485.013123 -122.876953, -369.714020 589.880371 -182.565414, -519.012695 -6.173396 21.881012, 455.980927 66.389435 -321.601746, -184.750336 157.773010 605.241638, 468.223206 143.556580 -456.606934, 454.365509 217.130890 -319.958344, -235.550751 533.724304 -271.067108, 
-183.872955 154.453445 464.748444, -372.992676 440.391998 -230.951309, -249.637390 485.983337 -123.524536, -370.156891 589.490234 -182.118378, -519.012695 -6.173396 21.881012, 457.139587 66.388893 -321.232941, -184.362045 157.238266 605.229126, 465.967926 143.579193 -456.624512, 455.781036 217.109848 -319.464996, -236.545410 534.085083 -271.942078, 
-184.143250 154.798157 464.693634, -372.886200 439.925903 -229.575577, -248.159363 486.884552 -124.122849, -370.503082 589.175110 -181.826019, -519.012695 -6.173396 21.881012, 458.021576 66.403984 -320.963654, -184.091507 156.891815 605.194031, 464.236206 143.554367 -456.614716, 456.909424 217.088242 -319.164703, -237.390335 534.263550 -272.730438, 
-184.294495 155.042206 464.667358, -372.808990 439.561340 -228.387848, -247.001068 487.773560 -124.533722, -370.808960 588.924561 -181.647507, -519.012634 -6.173396 21.881012, 458.672760 66.386826 -320.801086, -183.940384 156.647324 605.176575, 462.903442 143.553070 -456.575043, 457.823608 217.077698 -318.975800, -238.092316 534.256714 -273.377441, 
-184.386871 155.174683 464.680908, -372.762604 439.224731 -227.291977, -246.052078 488.570465 -124.897812, -371.051758 588.756409 -181.679794, -519.012695 -6.173396 21.881012, 459.151123 66.402992 -320.735535, -183.847916 156.515289 605.193420, 461.924896 143.559235 -456.568542, 458.504822 217.083420 -318.868866, -238.630630 534.136719 -273.909363, 
-184.460327 155.260330 464.663971, -372.733917 438.939453 -226.174622, -245.199249 489.378265 -125.185516, -371.235413 588.662476 -181.743332, -519.012573 -6.173396 21.881012, 459.478210 66.386368 -320.688538, -183.774704 156.429413 605.177673, 461.216339 143.568298 -456.534607, 459.019653 217.075485 -318.784912, -239.133667 533.952637 -274.401672, 
-184.497299 155.314102 464.655182, -372.691071 438.711029 -225.227814, -244.539001 490.110504 -125.380348, -371.380341 588.615417 -181.887405, -519.012634 -6.173396 21.881012, 459.749176 66.363678 -320.685486, -183.737839 156.375504 605.169617, 460.655304 143.612686 -456.502625, 459.417389 217.061829 -318.697876, -239.526077 533.655090 -274.837097, 
-184.515762 155.338364 464.652832, -372.693726 438.500092 -224.360748, -244.023468 490.735382 -125.526512, -371.491730 588.606689 -182.115250, -519.012695 -6.173396 21.881012, 459.927307 66.348625 -320.697998, -183.719391 156.351257 605.167480, 460.250366 143.631561 -456.493896, 459.723114 217.049011 -318.655243, -239.858948 533.352417 -275.184479, 
-184.529800 155.348785 464.652802, -372.724548 438.332703 -223.574539, -243.592117 491.384705 -125.659714, -371.564453 588.627380 -182.396622, -519.012634 -6.173396 21.881012, 460.060974 66.337646 -320.708923, -183.705414 156.340851 605.167480, 459.970947 143.635956 -456.506622, 459.923584 217.023087 -318.645172, -240.102356 532.953003 -275.528656, 
-184.535324 155.354950 464.656219, -372.774231 438.164337 -222.856201, -243.278763 491.956482 -125.756790, -371.611847 588.656250 -182.704742, -519.012634 -6.173396 21.881012, 460.168365 66.334702 -320.699982, -183.699875 156.334732 605.170837, 459.752808 143.622986 -456.497253, 460.076996 217.022812 -318.635834, -240.291565 532.519104 -275.833710, 
-184.538284 155.358734 464.655090, -372.840973 438.057800 -222.215958, -243.026886 492.551849 -125.823112, -371.647858 588.715454 -183.054443, -519.012573 -6.173396 21.881012, 460.252869 66.345634 -320.676361, -183.696930 156.330917 605.169678, 459.590088 143.593124 -456.501221, 460.187012 217.026321 -318.655365, -240.418274 532.009033 -276.125671, 
-184.540649 155.359924 464.653351, -372.897461 437.934296 -221.576584, -242.829590 493.056763 -125.842171, -371.698669 588.782715 -183.460815, -519.012634 -6.173396 21.881012, 460.303986 66.352318 -320.656921, -183.694565 156.329758 605.168091, 459.490631 143.570984 -456.499481, 460.254852 217.031525 -318.668427, -240.531174 531.580017 -276.323822, 
-184.541489 155.360535 464.653931, -372.960663 437.817566 -221.003448, -242.669006 493.556000 -125.837257, -371.767822 588.831726 -183.841370, -519.012573 -6.173396 21.881012, 460.332825 66.360596 -320.646301, -183.693726 156.329102 605.168579, 459.424164 143.553558 -456.504242, 460.305481 217.036499 -318.684082, -240.597885 531.126343 -276.456177, 
-184.541519 155.360535 464.653900, -373.018066 437.741669 -220.495026, -242.548477 494.005798 -125.791626, -371.792847 588.893372 -184.244003, -519.012634 -6.173396 21.881012, 460.348663 66.368340 -320.633270, -183.693710 156.329102 605.168579, 459.383667 143.545288 -456.505737, 460.338165 217.036560 -318.688507, -240.615387 530.678467 -276.569763, 
-184.541489 155.360565 464.653931, -373.116455 437.686920 -219.987167, -242.455627 494.445770 -125.748253, -371.828674 588.978699 -184.630112, -519.012573 -6.173396 21.881012, 460.366760 66.372131 -320.619904, -183.693710 156.329102 605.168640, 459.346985 143.533249 -456.508026, 460.363739 217.035553 -318.699463, -240.658112 530.239441 -276.662476, 
-184.541504 155.360580 464.653931, -373.127106 437.589417 -219.480637, -242.325012 494.879578 -125.725845, -371.901398 589.025635 -184.997849, -519.012634 -6.173396 21.881012, 460.384064 66.373726 -320.611908, -183.693710 156.329102 605.168640, 459.324799 143.525101 -456.506775, 460.372986 217.037903 -318.705658, -240.713531 529.892273 -276.757751, 
-184.541489 155.360535 464.653931, -373.130310 437.498199 -219.009308, -242.201324 495.335510 -125.705917, -371.970062 589.068970 -185.334549, -519.012756 -6.173396 21.881012, 460.399719 66.376709 -320.611328, -183.693710 156.329086 605.168518, 459.308472 143.522385 -456.508911, 460.376801 217.039169 -318.708801, -240.760727 529.533203 -276.856903, 
-184.541489 155.360550 464.653961, -373.161865 437.422760 -218.574738, -242.084732 495.745361 -125.701828, -372.011993 589.095947 -185.657303, -519.012573 -6.173396 21.881012, 460.412628 66.380569 -320.611786, -183.693710 156.329086 605.168640, 459.296021 143.518555 -456.511566, 460.378632 217.042908 -318.713959, -240.788757 529.178223 -276.958984, 
-184.541489 155.360550 464.653931, -373.177368 437.363251 -218.193573, -242.001999 496.090820 -125.672722, -372.041351 589.130310 -185.948181, -519.012756 -6.173396 21.881012, 460.423798 66.383667 -320.610657, -183.693695 156.329102 605.168640, 459.285004 143.514252 -456.513153, 460.380463 217.045898 -318.718445, -240.809738 528.868103 -277.039886, 
-184.541473 155.360550 464.653900, -373.180450 437.299652 -217.824722, -241.941849 496.480530 -125.643715, -372.109772 589.174255 -186.244598, -519.012695 -6.173396 21.881012, 460.430786 66.386406 -320.606720, -183.693695 156.329102 605.168640, 459.276123 143.509781 -456.515045, 460.384064 217.045670 -318.721985, -240.850052 528.571716 -277.119263, 
-184.541458 155.360550 464.653900, -373.205750 437.232330 -217.511124, -241.908035 496.820404 -125.608276, -372.169281 589.198669 -186.551682, -519.012573 -6.173396 21.881012, 460.442291 66.392334 -320.600800, -183.693710 156.329132 605.168579, 459.269958 143.505920 -456.514954, 460.379883 217.052017 -318.727966, -240.865982 528.289795 -277.168060, 
-184.541489 155.360550 464.653870, -373.220367 437.193298 -217.193527, -241.897552 497.109863 -125.574890, -372.213898 589.250488 -186.831665, -519.012634 -6.173396 21.881012, 460.448425 66.396400 -320.596649, -183.693710 156.329086 605.168640, 459.267059 143.497299 -456.517029, 460.376923 217.056458 -318.736786, -240.856781 528.027405 -277.214478, 
-184.541489 155.360535 464.653900, -373.222168 437.135284 -216.892944, -241.870819 497.421539 -125.535812, -372.246277 589.282532 -187.143646, -519.012695 -6.173396 21.881012, 460.458069 66.398567 -320.594696, -183.693726 156.329086 605.168640, 459.263794 143.493927 -456.517303, 460.371277 217.059280 -318.740143, -240.826035 527.755432 -277.250336, 
-184.541473 155.360550 464.653931, -373.225128 437.084686 -216.608322, -241.855927 497.708008 -125.493622, -372.264801 589.329651 -187.462662, -519.012634 -6.173396 21.881012, 460.468414 66.397522 -320.593048, -183.693695 156.329086 605.168579, 459.261719 143.492050 -456.517059, 460.363251 217.058731 -318.742126, -240.795929 527.489197 -277.283417, 
-184.541504 155.360550 464.653961, -373.231323 437.042633 -216.343338, -241.817123 497.979034 -125.478424, -372.295319 589.364624 -187.719849, -519.012695 -6.173396 21.881010, 460.472748 66.395584 -320.592285, -183.693695 156.329102 605.168579, 459.261658 143.492065 -456.517090, 460.358826 217.056808 -318.742981, -240.785065 527.250671 -277.319000, 
-184.541489 155.360535 464.653931, -373.246002 437.033203 -216.100357, -241.783798 498.226654 -125.455040, -372.299164 589.396362 -187.945084, -519.012634 -6.173396 21.881012, 460.480255 66.394371 -320.591888, -183.693726 156.329102 605.168579, 459.259766 143.491684 -456.517609, 460.353577 217.055603 -318.744568, -240.757370 527.017883 -277.368103, 
-184.541489 155.360535 464.653900, -373.267517 437.023041 -215.866272, -241.766663 498.483429 -125.438049, -372.329102 589.428101 -188.202621, -519.012634 -6.173396 21.881012, 460.485138 66.392509 -320.590698, -183.693710 156.329086 605.168640, 459.258850 143.491638 -456.516632, 460.349792 217.054642 -318.745087, -240.726685 526.781311 -277.409302, 
-184.541489 155.360550 464.653961, -373.290894 437.022614 -215.647278, -241.758652 498.759583 -125.417191, -372.348724 589.479797 -188.423462, -519.012634 -6.173396 21.881012, 460.488464 66.390907 -320.590637, -183.693710 156.329102 605.168579, 459.257477 143.491333 -456.515839, 460.348053 217.053665 -318.744476, -240.716080 526.511414 -277.466034, 
-184.541504 155.360535 464.653931, -373.315796 437.002625 -215.406174, -241.735535 499.023804 -125.400597, -372.350464 589.519104 -188.666580, -519.012634 -6.173396 21.881012, 460.496002 66.389160 -320.588287, -183.693695 156.329132 605.168640, 459.253845 143.490356 -456.514465, 460.344849 217.052673 -318.745026, -240.699585 526.247009 -277.517639, 
-184.541489 155.360535 464.653961, -373.326263 436.973022 -215.163086, -241.717499 499.293091 -125.375153, -372.376526 589.539490 -188.921463, -519.012695 -6.173396 21.881012, 460.499695 66.387291 -320.585114, -183.693695 156.329102 605.168640, 459.250854 143.488647 -456.512390, 460.344818 217.051743 -318.745300, -240.668060 526.011780 -277.547180, 
-184.541489 155.360565 464.653931, -373.342346 436.950623 -214.906403, -241.707626 499.572083 -125.338516, -372.408508 589.569702 -189.180618, -519.012634 -6.173396 21.881014, 460.506134 66.386108 -320.580505, -183.693710 156.329102 605.168640, 459.248260 143.485565 -456.511261, 460.341309 217.049820 -318.746216, -240.657013 525.742126 -277.585266, 
-184.541489 155.360535 464.653931, -373.353607 436.911865 -214.655502, -241.699692 499.811096 -125.309853, -372.416901 589.597046 -189.429916, -519.012634 -6.173396 21.881012, 460.509827 66.386154 -320.577850, -183.693710 156.329102 605.168579, 459.246643 143.484650 -456.509888, 460.339600 217.050781 -318.747162, -240.636917 525.494690 -277.619110, 
-184.541504 155.360580 464.653900, -373.362701 436.883881 -214.422943, -241.686310 500.036560 -125.295540, -372.418457 589.641418 -189.667160, -519.012634 -6.173396 21.881012, 460.514832 66.384445 -320.576416, -183.693710 156.329102 605.168518, 459.246429 143.484467 -456.509033, 460.334839 217.049820 -318.747894, -240.620377 525.272400 -277.652039, 
-184.541504 155.360550 464.653931, -373.370270 436.851044 -214.187225, -241.675049 500.255188 -125.273766, -372.426056 589.674744 -189.901505, -519.012634 -6.173396 21.881012, 460.519440 66.385399 -320.575195, -183.693710 156.329102 605.168518, 459.246429 143.484451 -456.509033, 460.330170 217.050797 -318.749054, -240.626740 525.072510 -277.693817, 
-184.541489 155.360550 464.653961, -373.391876 436.830933 -213.965820, -241.674042 500.467010 -125.251801, -372.447784 589.703247 -190.121140, -519.012634 -6.173396 21.881012, 460.525024 66.386360 -320.574951, -183.693680 156.329102 605.168640, 459.247711 143.484070 -456.509796, 460.322968 217.051270 -318.750244, -240.632706 524.865295 -277.729919, 
-184.541489 155.360550 464.653931, -373.410706 436.804626 -213.755600, -241.661850 500.647858 -125.236176, -372.461151 589.708862 -190.319763, -519.012695 -6.173396 21.881012, 460.529419 66.385048 -320.574249, -183.693710 156.329086 605.168518, 459.248718 143.483688 -456.508209, 460.317322 217.051086 -318.749237, -240.633835 524.679077 -277.769135, 
-184.541489 155.360565 464.653931, -373.396057 436.772491 -213.548386, -241.632156 500.842072 -125.232262, -372.478149 589.716125 -190.536652, -519.012634 -6.173396 21.881012, 460.532928 66.386581 -320.572571, -183.693710 156.329102 605.168579, 459.248901 143.484177 -456.507111, 460.313629 217.052795 -318.748657, -240.616623 524.517151 -277.806122, 
-184.541489 155.360535 464.653931, -373.398529 436.738495 -213.363571, -241.611862 501.005127 -125.219101, -372.481903 589.716614 -190.728912, -519.012634 -6.173396 21.881012, 460.538757 66.388084 -320.573151, -183.693710 156.329102 605.168640, 459.247986 143.484543 -456.507904, 460.308838 217.053741 -318.748901, -240.605438 524.362671 -277.833130, 
-184.541489 155.360565 464.653931, -373.404114 436.703827 -213.196320, -241.616592 501.186890 -125.188957, -372.510681 589.709717 -190.923294, -519.012695 -6.173396 21.881012, 460.539368 66.389038 -320.573364, -183.693680 156.329132 605.168579, 459.248077 143.484528 -456.507904, 460.308167 217.054718 -318.748688, -240.608475 524.198547 -277.860046, 
-184.541473 155.360550 464.653931, -373.412476 436.667664 -213.038239, -241.607437 501.361481 -125.171265, -372.520447 589.712585 -191.095474, -519.012573 -6.173396 21.881012, 460.539368 66.389038 -320.573364, -183.693726 156.329086 605.168579, 459.248047 143.484543 -456.507904, 460.308167 217.054718 -318.748718, -240.599564 524.037781 -277.871490, 
-184.541473 155.360550 464.653931, -373.427826 436.640472 -212.892929, -241.605209 501.523743 -125.154701, -372.528046 589.714294 -191.265762, -519.012634 -6.173396 21.881012, 460.539459 66.389038 -320.573364, -183.693695 156.329102 605.168579, 459.247986 143.484543 -456.507935, 460.308136 217.054718 -318.748688, -240.564194 523.862793 -277.869629, 
-184.541489 155.360535 464.653931, -373.448669 436.613861 -212.753265, -241.608002 501.656708 -125.140945, -372.532990 589.716492 -191.433060, -519.012634 -6.173396 21.881012, 460.539368 66.389038 -320.573364, -183.693710 156.329086 605.168701, 459.247986 143.484528 -456.507904, 460.308136 217.054718 -318.748688, -240.548401 523.699951 -277.880798, 
-184.541489 155.360535 464.653931, -373.462860 436.592041 -212.608521, -241.621902 501.792053 -125.119751, -372.547333 589.732300 -191.604050, -519.012634 -6.173396 21.881012, 460.539368 66.389038 -320.573364, -183.693710 156.329086 605.168579, 459.247986 143.484558 -456.507996, 460.308136 217.054718 -318.748718, -240.535446 523.553772 -277.882965, 
-184.541504 155.360535 464.653961, -373.484314 436.579803 -212.477371, -241.634506 501.902527 -125.101624, -372.556549 589.740601 -191.759796, -519.012512 -6.173396 21.881012, 460.539368 66.389046 -320.573303, -183.693710 156.329132 605.168701, 459.248047 143.484528 -456.507904, 460.308136 217.054718 -318.748718, -240.517624 523.413391 -277.888489, 
-184.541473 155.360535 464.653931, -373.505951 436.590363 -212.365189, -241.646332 502.027344 -125.088867, -372.555115 589.771118 -191.893723, -519.012634 -6.173396 21.881012, 460.539459 66.389046 -320.573303, -183.693680 156.329132 605.168579, 459.248047 143.484528 -456.507904, 460.308136 217.054718 -318.748688, -240.493576 523.287109 -277.896454, 
-184.541489 155.360565 464.653931, -373.512421 436.577423 -212.253128, -241.652557 502.131653 -125.088203, -372.553802 589.793701 -192.032654, -519.012634 -6.173396 21.881012, 460.539398 66.389038 -320.573334, -183.693710 156.329132 605.168579, 459.247986 143.484528 -456.507904, 460.308136 217.054718 -318.748718, -240.479828 523.167419 -277.914368, 
-184.541473 155.360535 464.653931, -373.503601 436.559601 -212.150024, -241.640015 502.251678 -125.095337, -372.557037 589.790161 -192.160507, -519.012634 -6.173396 21.881012, 460.539368 66.389046 -320.573303, -183.693695 156.329132 605.168579, 459.248047 143.484543 -456.507904, 460.308136 217.054718 -318.748718, -240.457367 523.072754 -277.942627, 
-184.541473 155.360550 464.653961, -373.490936 436.536987 -212.035034, -241.612106 502.363953 -125.094765, -372.553040 589.784607 -192.272079, -519.012634 -6.173396 21.881012, 460.539368 66.389030 -320.573303, -183.693710 156.329132 605.168518, 459.248047 143.484528 -456.507935, 460.308167 217.054718 -318.748688, -240.438553 522.974487 -277.958008, 
-184.541489 155.360535 464.653931, -373.480225 436.511536 -211.943848, -241.591461 502.478668 -125.105621, -372.550873 589.773926 -192.368820, -519.012634 -6.173396 21.881012, 460.539368 66.389038 -320.573364, -183.693695 156.329132 605.168640, 459.247986 143.484528 -456.507935, 460.308136 217.054718 -318.748718, -240.419098 522.867615 -277.985931, 
-184.541473 155.360565 464.653900, -373.460358 436.484711 -211.860275, -241.574860 502.599091 -125.105484, -372.562286 589.754150 -192.473267, -519.012634 -6.173396 21.881012, 460.539459 66.389038 -320.573364, -183.693710 156.329102 605.168518, 459.248047 143.484543 -456.507904, 460.308167 217.054718 -318.748718, -240.399567 522.769958 -278.008789, 
-184.541489 155.360535 464.653900, -373.450714 436.454071 -211.774963, -241.573532 502.705475 -125.096519, -372.572327 589.745300 -192.569443, -519.012695 -6.173396 21.881012, 460.539368 66.389046 -320.573395, -183.693710 156.329132 605.168579, 459.248047 143.484543 -456.507904, 460.308136 217.054718 -318.748688, -240.392105 522.676758 -278.019897, 
-184.541504 155.360550 464.653961, -373.436371 436.422485 -211.677338, -241.571243 502.809937 -125.080025, -372.579010 589.737488 -192.677948, -519.012634 -6.173396 21.881012, 460.539368 66.389038 -320.573364, -183.693710 156.329147 605.168579, 459.248047 143.484528 -456.507996, 460.308136 217.054718 -318.748718, -240.378815 522.589844 -278.024078, 
-184.541489 155.360550 464.653931, -373.420929 436.403595 -211.603760, -241.566788 502.917847 -125.061577, -372.591278 589.730408 -192.756149, -519.012573 -6.173396 21.881012, 460.539368 66.389053 -320.573364, -183.693710 156.329086 605.168579, 459.248047 143.484512 -456.507904, 460.308136 217.054718 -318.748718, -240.357010 522.497314 -278.018860, 
-184.541489 155.360535 464.653961, -373.404541 436.383301 -211.543457, -241.573380 503.008881 -125.041344, -372.600708 589.725708 -192.857590, -519.012634 -6.173396 21.881012, 460.539368 66.389046 -320.573364, -183.693710 156.329132 605.168579, 459.248047 143.484543 -456.507904, 460.308136 217.054718 -318.748688, -240.329651 522.419006 -278.012634, 
-184.541489 155.360565 464.653931, -373.409363 436.377319 -211.490509, -241.590820 503.089874 -125.018814, -372.601471 589.726257 -192.951508, -519.012756 -6.173396 21.881012, 460.539368 66.389038 -320.573334, -183.693695 156.329086 605.168518, 459.248047 143.484558 -456.507904, 460.308167 217.054718 -318.748718, -240.287537 522.322021 -277.997467, 
-184.541473 155.360565 464.653931, -373.417572 436.369232 -211.432022, -241.602493 503.167236 -124.991974, -372.602814 589.726013 -193.027893, -519.012695 -6.173396 21.881012, 460.539368 66.389046 -320.573364, -183.693710 156.329132 605.168640, 459.247986 143.484573 -456.507935, 460.308136 217.054718 -318.748718, -240.277008 522.229614 -277.992859, 
-184.541489 155.360535 464.653931, -373.431824 436.359711 -211.367157, -241.609772 503.238586 -124.971680, -372.600952 589.732849 -193.103958, -519.012573 -6.173396 21.881012, 460.539398 66.389038 -320.573303, -183.693710 156.329102 605.168579, 459.247986 143.484528 -456.507904, 460.308136 217.054718 -318.748718, -240.276474 522.145020 -277.987488, 
-184.541489 155.360565 464.653961, -373.441162 436.360992 -211.288620, -241.605942 503.303253 -124.958824, -372.599854 589.741577 -193.178925, -519.012756 -6.173396 21.881012, 460.539398 66.389038 -320.573364, -183.693710 156.329132 605.168518, 459.247986 143.484528 -456.507935, 460.308167 217.054718 -318.748688, -240.272263 522.068054 -277.988892, 
-184.541489 155.360550 464.653931, -373.455811 436.357025 -211.212982, -241.602264 503.361572 -124.962410, -372.591431 589.751770 -193.245621, -519.012756 -6.173396 21.881012, 460.539398 66.389038 -320.573364, -183.693710 156.329086 605.168579, 459.247986 143.484528 -456.507935, 460.308136 217.054718 -318.748688, -240.276047 521.983643 -278.007629, 
-184.541504 155.360550 464.653931, -373.476379 436.369171 -211.145996, -241.596802 503.435822 -124.963928, -372.586548 589.766663 -193.309601, -519.012634 -6.173396 21.881012, 460.539368 66.389038 -320.573364, -183.693710 156.329102 605.168640, 459.248047 143.484558 -456.507904, 460.308136 217.054718 -318.748718, -240.267822 521.896240 -278.015930, 
-184.541504 155.360535 464.653961, -373.505371 436.366028 -211.050110, -241.590729 503.515259 -124.968567, -372.589996 589.775146 -193.381073, -519.012695 -6.173396 21.881012, 460.539398 66.389038 -320.573364, -183.693710 156.329102 605.168457, 459.247986 143.484543 -456.507935, 460.308136 217.054718 -318.748688, -240.279694 521.800110 -278.026947, 
-184.541489 155.360535 464.653931, -373.512482 436.359955 -210.958481, -241.578110 503.603821 -124.962952, -372.601898 589.777771 -193.452332, -519.012756 -6.173396 21.881012, 460.539368 66.389053 -320.573364, -183.693710 156.329086 605.168579, 459.248047 143.484543 -456.507904, 460.308136 217.054718 -318.748688, -240.284149 521.710449 -278.029633, 
-184.541504 155.360565 464.653992, -373.510773 436.353699 -210.874771, -241.567078 503.688904 -124.957993, -372.612732 589.774658 -193.547714, -519.012634 -6.173396 21.881012, 460.539368 66.389046 -320.573364, -183.693710 156.329132 605.168579, 459.248047 143.484543 -456.507904, 460.308136 217.054718 -318.748718, -240.266708 521.648315 -278.027100, 
-184.541489 155.360550 464.653931, -373.509247 436.346008 -210.794586, -241.558975 503.766785 -124.953453, -372.621796 589.776733 -193.625427, -519.012634 -6.173396 21.881012, 460.539398 66.389038 -320.573364, -183.693710 156.329132 605.168640, 459.247986 143.484558 -456.507935, 460.308136 217.054718 -318.748688, -240.260864 521.581604 -278.029419, 
-184.541519 155.360550 464.653931, -373.506134 436.342590 -210.736908, -241.558762 503.826202 -124.936874, -372.626160 589.782288 -193.708847, -519.012756 -6.173396 21.881012, 460.539368 66.389038 -320.573364, -183.693710 156.329086 605.168579, 459.248047 143.484558 -456.507935, 460.308136 217.054718 -318.748718, -240.244995 521.513184 -278.019287, 
-184.541458 155.360565 464.653931, -373.507874 436.333130 -210.682358, -241.555191 503.872650 -124.940842, -372.622101 589.784851 -193.774887, -519.012634 -6.173396 21.881012, 460.539307 66.389046 -320.573303, -183.693680 156.329132 605.168640, 459.247986 143.484558 -456.507843, 460.308136 217.054718 -318.748688, -240.231720 521.466919 -278.022766, 
-184.541458 155.360550 464.653900, -373.510406 436.327423 -210.639618, -241.563248 503.920746 -124.936371, -372.627289 589.790344 -193.835510, -519.012634 -6.173396 21.881012, 460.539368 66.389038 -320.573364, -183.693710 156.329086 605.168579, 459.247986 143.484543 -456.507935, 460.308136 217.054718 -318.748718, -240.217880 521.423462 -278.017273, 
-184.541489 155.360535 464.653900, -373.513763 436.330536 -210.588516, -241.567825 503.977509 -124.925186, -372.641479 589.793945 -193.886749, -519.012634 -6.173396 21.881012, 460.539398 66.389038 -320.573334, -183.693695 156.329086 605.168579, 459.248047 143.484558 -456.507935, 460.308136 217.054718 -318.748718, -240.216827 521.365967 -278.017731, 
-184.541489 155.360580 464.653931, -373.509491 436.321045 -210.526382, -241.562515 504.028534 -124.909973, -372.643738 589.790222 -193.931442, -519.012695 -6.173396 21.881014, 460.539368 66.389038 -320.573303, -183.693710 156.329132 605.168579, 459.247986 143.484528 -456.507935, 460.308136 217.054718 -318.748718, -240.216156 521.306580 -278.017670, 
-184.541504 155.360565 464.653931, -373.507324 436.319550 -210.482910, -241.554108 504.080597 -124.895920, -372.644714 589.793457 -193.964630, -519.012695 -6.173396 21.881012, 460.539368 66.389046 -320.573364, -183.693695 156.329132 605.168640, 459.248047 143.484543 -456.507904, 460.308136 217.054718 -318.748688, -240.219528 521.258362 -278.015228, 
-184.541504 155.360550 464.653900, -373.509766 436.315125 -210.437546, -241.549011 504.137970 -124.893089, -372.651855 589.796997 -194.001068, -519.012634 -6.173396 21.881012, 460.539368 66.389038 -320.573364, -183.693695 156.329102 605.168518, 459.247986 143.484558 -456.507935, 460.308136 217.054718 -318.748718, -240.223633 521.210388 -278.016052, 
-184.541489 155.360565 464.653900, -373.518463 436.317902 -210.375916, -241.549850 504.202545 -124.879814, -372.660370 589.803589 -194.045486, -519.012695 -6.173396 21.881012, 460.539368 66.389038 -320.573273, -183.693726 156.329086 605.168518, 459.247986 143.484558 -456.507996, 460.308167 217.054672 -318.748688, -240.226868 521.147095 -278.013092, 
-184.541504 155.360565 464.653900, -373.516663 436.308533 -210.319489, -241.552856 504.259460 -124.873398, -372.668304 589.808289 -194.099976, -519.012695 -6.173396 21.881012, 460.539398 66.389038 -320.573364, -183.693680 156.329102 605.168579, 459.247986 143.484543 -456.507996, 460.308136 217.054718 -318.748749, -240.228302 521.100220 -278.014496, 
-184.541473 155.360565 464.653931, -373.527985 436.302032 -210.273697, -241.558182 504.294525 -124.866562, -372.668335 589.813354 -194.147522, -519.012756 -6.173396 21.881012, 460.539368 66.389046 -320.573364, -183.693710 156.329086 605.168579, 459.247986 143.484528 -456.507904, 460.308136 217.054718 -318.748718, -240.232880 521.050842 -278.013824, 
-184.541504 155.360550 464.653931, -373.537811 436.299652 -210.231262, -241.557877 504.333740 -124.861053, -372.664734 589.820312 -194.174667, -519.012634 -6.173396 21.881010, 460.539398 66.389038 -320.573303, -183.693710 156.329086 605.168518, 459.247986 143.484558 -456.507904, 460.308136 217.054718 -318.748718, -240.244095 521.000549 -278.020386, 
-184.541489 155.360565 464.653931, -373.556244 436.312317 -210.192825, -241.564117 504.372528 -124.858711, -372.669830 589.833191 -194.215958, -519.012695 -6.173396 21.881012, 460.539398 66.389038 -320.573364, -183.693710 156.329102 605.168579, 459.247986 143.484543 -456.507843, 460.308167 217.054718 -318.748688, -240.245956 520.947449 -278.022461, 
-184.541519 155.360550 464.653900, -373.568359 436.312439 -210.138947, -241.562149 504.410248 -124.858521, -372.666077 589.845032 -194.268356, -519.012634 -6.173396 21.881012, 460.539368 66.389038 -320.573364, -183.693710 156.329086 605.168518, 459.247986 143.484558 -456.507904, 460.308167 217.054718 -318.748688, -240.248093 520.895081 -278.024200, 
-184.541489 155.360565 464.653900, -373.583710 436.318451 -210.072357, -241.553314 504.446960 -124.856812, -372.655792 589.860901 -194.313660, -519.012634 -6.173396 21.881012, 460.539459 66.389038 -320.573364, -183.693710 156.329086 605.168640, 459.247986 143.484528 -456.507904, 460.308167 217.054718 -318.748718, -240.256302 520.832031 -278.030151, 
-184.541489 155.360550 464.653961, -373.584747 436.317017 -210.020599, -241.535873 504.495148 -124.849052, -372.640381 589.866394 -194.359100, -519.012756 -6.173396 21.881012, 460.539368 66.389038 -320.573364, -183.693710 156.329132 605.168518, 459.247986 143.484543 -456.507904, 460.308167 217.054718 -318.748688, -240.252365 520.771790 -278.031067, 
-184.541473 155.360550 464.653900, -373.607086 436.329468 -209.964508, -241.521347 504.531830 -124.859093, -372.619873 589.882385 -194.405853, -519.012634 -6.173396 21.881014, 460.539459 66.389046 -320.573364, -183.693695 156.329132 605.168579, 459.247955 143.484543 -456.507935, 460.308136 217.054718 -318.748718, -240.252441 520.695435 -278.046082, 
-184.541489 155.360550 464.653931, -373.611664 436.336456 -209.910126, -241.500885 504.566528 -124.867409, -372.602203 589.899719 -194.440781, -519.012695 -6.173396 21.881012, 460.539398 66.389038 -320.573364, -183.693710 156.329132 605.168640, 459.248047 143.484528 -456.507935, 460.308136 217.054718 -318.748718, -240.254242 520.639954 -278.057861, 
-184.541489 155.360535 464.653931, -373.620605 436.340851 -209.875992, -241.487503 504.601593 -124.874794, -372.588165 589.904175 -194.475693, -519.012695 -6.173396 21.881012, 460.539368 66.389038 -320.573364, -183.693710 156.329086 605.168640, 459.247986 143.484543 -456.507935, 460.308167 217.054718 -318.748688, -240.253693 520.584534 -278.074097, 
-184.541489 155.360550 464.653931, -373.635132 436.343567 -209.823792, -241.483200 504.637543 -124.876854, -372.577240 589.913208 -194.517334, -519.012634 -6.173396 21.881010, 460.539368 66.389038 -320.573364, -183.693726 156.329132 605.168579, 459.247986 143.484558 -456.507904, 460.308136 217.054718 -318.748718, -240.256638 520.525696 -278.084808, 
-184.541504 155.360535 464.653931, -373.641663 436.348419 -209.768433, -241.474915 504.667725 -124.879799, -372.569366 589.917969 -194.567093, -519.012573 -6.173396 21.881012, 460.539459 66.389038 -320.573334, -183.693726 156.329102 605.168579, 459.248047 143.484543 -456.507996, 460.308136 217.054718 -318.748657, -240.253510 520.486511 -278.097076, 
-184.541489 155.360580 464.653931, -373.649597 436.348236 -209.718994, -241.467346 504.701385 -124.870766, -372.557098 589.924988 -194.605011, -519.012695 -6.173396 21.881012, 460.539398 66.389038 -320.573364, -183.693726 156.329132 605.168579, 459.248047 143.484528 -456.507935, 460.308136 217.054718 -318.748688, -240.248856 520.425781 -278.092102, 
-184.541519 155.360535 464.653931, -373.644653 436.345581 -209.675079, -241.461029 504.736145 -124.867111, -372.549774 589.933472 -194.641724, -519.012573 -6.173396 21.881012, 460.539368 66.389038 -320.573364, -183.693710 156.329086 605.168701, 459.247986 143.484558 -456.507904, 460.308167 217.054718 -318.748688, -240.252625 520.383606 -278.101654, 
-184.541519 155.360550 464.653900, -373.636353 436.339020 -209.632629, -241.451233 504.786255 -124.862991, -372.538330 589.935730 -194.678833, -519.012695 -6.173396 21.881012, 460.539398 66.389046 -320.573303, -183.693710 156.329086 605.168579, 459.247986 143.484528 -456.507935, 460.308136 217.054718 -318.748688, -240.246216 520.343567 -278.109009, 
-184.541473 155.360550 464.653900, -373.640839 436.337646 -209.574097, -241.447037 504.836365 -124.863441, -372.531067 589.945862 -194.734222, -519.012634 -6.173396 21.881012, 460.539368 66.389038 -320.573334, -183.693710 156.329086 605.168579, 459.248047 143.484558 -456.507935, 460.308136 217.054718 -318.748718, -240.240433 520.296814 -278.112640, 
-184.541489 155.360535 464.653961, -373.644806 436.340118 -209.523727, -241.448654 504.900208 -124.857262, -372.527496 589.957886 -194.785583, -519.012756 -6.173396 21.881012, 460.539398 66.389038 -320.573303, -183.693695 156.329086 605.168457, 459.247986 143.484528 -456.507904, 460.308136 217.054718 -318.748657, -240.238403 520.218323 -278.120117, 
