-370.000000 400.000000 -330.000000, -358.000000 235.000000 -165.000000, -137.000000 364.000000 -719.000000, -239.000000 135.000000 -698.000000, -10.000000 -236.000000 563.000000, -519.000000 210.000000 -380.000000, 206.000000 -115.000000 -673.000000, -337.000000 181.000000 -707.000000, 128.000000 -239.000000 653.000000, -29.000000 -6.000000 649.000000, 
-396.509125 352.762756 -356.030121, -437.547607 242.634949 -207.789734, -163.091232 331.520905 -610.091431, -182.343124 186.771973 -589.576660, -1.958550 -177.463013 572.704956, -527.194824 241.049316 -328.462463, 221.816818 -94.204636 -533.441040, -307.059998 248.575043 -622.283386, 122.865265 -160.812653 644.515564, 31.107903 -38.073475 629.437683, 
-412.605927 336.600586 -358.703400, -453.844696 252.222076 -214.019867, -161.246170 338.841187 -599.018433, -165.862030 191.058441 -579.862061, -9.963053 -171.849091 581.199768, -543.572449 247.778763 -329.005798, 221.816818 -94.204643 -533.441040, -298.010315 261.645477 -615.124878, 125.016556 -154.233566 644.762390, 34.920155 -31.489649 627.914062, 
-417.502075 319.779785 -360.723633, -460.855225 254.404343 -215.960419, -158.240250 342.727722 -596.740784, -159.104172 193.613571 -580.226257, -14.109095 -168.818237 589.217407, -554.064209 248.341446 -331.441620, 221.816818 -94.204643 -533.441040, -292.971832 264.745483 -612.956665, 126.039307 -151.979645 641.792725, 36.969219 -27.527929 625.766479, 
-418.745331 306.563721 -362.117340, -465.462067 256.653870 -215.719696, -156.299026 344.729553 -595.644104, -155.519669 194.982620 -581.882202, -17.057884 -167.085724 596.224731, -561.279907 250.522552 -332.413330, 221.816772 -94.204643 -533.441040, -290.504456 265.691101 -610.940735, 126.933380 -151.275360 638.172241, 38.635647 -25.252911 623.846313, 
-418.596802 296.197662 -362.785583, -468.534821 259.032867 -214.858185, -155.523178 345.799805 -595.075073, -153.526855 195.712967 -583.499573, -19.049738 -165.927902 601.884705, -565.449097 253.685364 -332.991333, 221.815353 -94.206711 -533.435608, -289.420685 266.047028 -609.382263, 127.579056 -151.281387 634.783325, 40.090515 -23.999393 622.433105, 
-418.303162 288.299225 -362.933960, -470.681213 261.087555 -214.073288, -155.247650 346.449554 -594.789246, -152.298920 196.124664 -584.875061, -20.624332 -164.966660 606.393799, -567.708496 256.748535 -333.615387, 221.815353 -94.206711 -533.435547, -288.871796 266.239441 -608.145386, 127.769798 -151.694092 631.688293, 41.332909 -23.253088 621.451294, 
-417.975586 282.229950 -362.699097, -472.292694 262.733337 -213.458008, -155.126373 346.806488 -594.557312, -151.611710 196.331100 -586.104065, -21.641750 -164.135880 609.874756, -568.896301 259.403564 -334.186096, 221.815353 -94.206711 -533.435669, -288.628326 266.491241 -607.134766, 127.857132 -152.334961 629.046326, 42.360710 -22.841204 620.882751, 
-417.512878 277.692810 -362.100616, -473.608948 263.868134 -213.015366, -155.020462 347.015991 -594.373779, -151.132889 196.482193 -587.192200, -22.305195 -163.432831 612.442322, -569.320312 261.716766 -334.967712, 221.815338 -94.206711 -533.435608, -288.535278 266.748932 -606.184387, 127.818954 -153.047348 626.982117, 43.293652 -22.604208 620.551147, 
-417.126526 274.310913 -361.371216, -474.776276 264.681549 -212.632996, -154.935852 347.166656 -594.251038, -150.874634 196.559906 -588.094543, -22.854109 -162.799149 614.360046, -569.408997 263.551392 -335.679871, 221.815353 -94.206718 -533.435608, -288.503815 266.987701 -605.359253, 127.605957 -153.753738 625.363037, 44.150833 -22.431103 620.349487, 
-416.872101 271.725769 -360.691345, -475.699158 265.294006 -212.381439, -154.781067 347.194214 -594.217773, -150.764954 196.584167 -588.823730, -23.296848 -162.242188 615.746704, -569.323364 265.008972 -336.416168, 221.815353 -94.206718 -533.435608, -288.553101 267.245789 -604.590454, 127.352074 -154.470917 624.110596, 44.934757 -22.346865 620.266663, 
-416.695099 269.842865 -360.006348, -476.560150 265.714630 -212.206955, -154.624847 347.176147 -594.209106, -150.720001 196.494400 -589.463684, -23.661570 -161.635956 616.927917, -569.187805 266.088409 -337.080139, 221.815353 -94.206711 -533.435547, -288.561646 267.515778 -603.843018, 127.127678 -155.139297 623.078918, 45.697418 -22.264950 620.165649, 
-416.522766 268.459320 -359.376312, -477.283264 266.052704 -212.050613, -154.439102 347.138306 -594.207275, -150.752823 196.421204 -590.056396, -24.015970 -161.081253 617.829285, -569.048889 266.861664 -337.664917, 221.815353 -94.206711 -533.435608, -288.591919 267.767761 -603.215881, 126.853363 -155.757370 622.252625, 46.434059 -22.203514 620.116211, 
-416.375336 267.413239 -358.813812, -477.996307 266.233215 -211.960281, -154.227356 347.090057 -594.277283, -150.869644 196.362564 -590.591736, -24.306934 -160.609894 618.476074, -568.893860 267.525848 -338.313141, 221.815338 -94.206711 -533.435669, -288.659668 268.101898 -602.596802, 126.596916 -156.306702 621.612488, 47.077778 -22.166880 620.117676, 
-416.281921 266.630035 -358.281342, -478.693024 266.338074 -211.923996, -153.974014 347.021088 -594.376282, -150.989288 196.269012 -590.996338, -24.509045 -160.126434 618.982117, -568.771301 268.065643 -338.979279, 221.815353 -94.206703 -533.435608, -288.682739 268.431274 -602.048828, 126.424461 -156.825592 621.090149, 47.648636 -22.137554 620.136353, 
-416.175415 266.064606 -357.784912, -479.316528 266.426788 -211.893478, -153.691422 346.928711 -594.539917, -151.140747 196.172043 -591.335938, -24.658026 -159.737595 619.366150, -568.661682 268.456665 -339.575867, 221.815353 -94.206711 -533.435547, -288.710144 268.769440 -601.533569, 126.291916 -157.252014 620.716675, 48.182381 -22.123384 620.129761, 
-416.147949 265.651794 -357.328430, -479.935242 266.502686 -211.864532, -153.482758 346.837311 -594.636414, -151.312317 196.066254 -591.661194, -24.816816 -159.374939 619.700256, -568.524109 268.705841 -340.156097, 221.815384 -94.206711 -533.435547, -288.770844 269.085327 -601.045532, 126.156326 -157.638382 620.418701, 48.648098 -22.121048 620.099426, 
-416.110748 265.337891 -356.890320, -480.511627 266.608429 -211.788269, -153.254181 346.746216 -594.730469, -151.420090 195.976181 -591.938721, -24.992878 -159.023438 619.970764, -568.400330 268.860687 -340.679718, 221.815353 -94.206718 -533.435547, -288.780182 269.328705 -600.657776, 126.011894 -157.948685 620.199768, 49.052200 -22.106030 620.054626, 
-416.047241 265.168243 -356.506775, -480.948700 266.707672 -211.746765, -153.053391 346.672699 -594.824097, -151.569260 195.896683 -592.138062, -25.136841 -158.694916 620.115845, -568.302368 268.902466 -341.057068, 221.815384 -94.206711 -533.435547, -288.802979 269.567444 -600.332153, 125.882057 -158.222809 620.073242, 49.389275 -22.081112 620.037720, 
-415.973511 265.004578 -356.155182, -481.337433 266.783478 -211.714783, -152.927963 346.621582 -594.900635, -151.676285 195.813507 -592.267395, -25.222357 -158.444229 620.225830, -568.212097 268.934021 -341.425598, 221.815353 -94.206703 -533.435547, -288.799377 269.756226 -600.097351, 125.773010 -158.470886 619.962158, 49.684765 -22.056837 620.037292, 
-415.891388 264.926910 -355.870514, -481.661072 266.831665 -211.689362, -152.818298 346.574677 -594.967529, -151.803848 195.738220 -592.402588, -25.245520 -158.285645 620.248291, -568.128113 268.952362 -341.720459, 221.815338 -94.206711 -533.435608, -288.813812 269.916351 -599.891602, 125.746376 -158.656296 619.937561, 49.950359 -22.062649 620.038391, 
-415.824768 264.852722 -355.648743, -481.955231 266.841858 -211.686264, -152.685501 346.520508 -595.059448, -151.903961 195.688812 -592.503174, -25.342028 -158.091370 620.340271, -568.039368 268.994537 -342.017853, 221.815353 -94.206711 -533.435608, -288.828339 270.091980 -599.692261, 125.656471 -158.827179 619.818115, 50.154640 -22.056143 620.059631, 
-415.785339 264.822540 -355.423889, -482.240326 266.844360 -211.687897, -152.565781 346.449921 -595.119324, -152.018631 195.651733 -592.626343, -25.473171 -157.920135 620.458313, -567.969604 269.014038 -342.305634, 221.815353 -94.206711 -533.435608, -288.877228 270.235779 -599.492432, 125.512383 -158.977814 619.763611, 50.344410 -22.039238 620.005066, 
-415.760010 264.767700 -355.229309, -482.470856 266.871063 -211.682541, -152.484955 346.406830 -595.198853, -152.098694 195.610489 -592.729065, -25.564547 -157.754028 620.516174, -567.915649 269.027832 -342.516113, 221.815353 -94.206718 -533.435608, -288.904480 270.357758 -599.292542, 125.418953 -159.114883 619.762512, 50.573833 -22.026472 619.956665, 
-415.722351 264.713776 -355.057434, -482.727570 266.890076 -211.699402, -152.427109 346.373779 -595.290161, -152.159073 195.591187 -592.812561, -25.648666 -157.592743 620.526733, -567.859924 269.054047 -342.773499, 221.815353 -94.206711 -533.435608, -288.934143 270.452179 -599.113281, 125.342682 -159.249603 619.774475, 50.752735 -22.022491 619.937622, 
-415.694916 264.666748 -354.904358, -482.968475 266.896057 -211.705292, -152.346130 346.348969 -595.393982, -152.227783 195.565308 -592.901733, -25.717474 -157.465637 620.543457, -567.816406 269.091522 -342.996216, 221.815353 -94.206703 -533.435608, -288.945160 270.560211 -598.929382, 125.266151 -159.389389 619.804077, 50.912609 -22.025591 619.898682, 
-415.659058 264.627869 -354.779144, -483.146179 266.894958 -211.703552, -152.283508 346.311829 -595.458435, -152.259674 195.541580 -592.938782, -25.773914 -157.361404 620.573914, -567.758240 269.132935 -343.174713, 221.815353 -94.206718 -533.435608, -288.950806 270.617065 -598.824646, 125.201317 -159.520615 619.828430, 51.058174 -22.034916 619.852722, 
-415.620392 264.612396 -354.669983, -483.304321 266.911560 -211.703491, -152.234024 346.289490 -595.512329, -152.293671 195.517761 -592.956421, -25.826845 -157.275299 620.586426, -567.722595 269.128662 -343.316101, 221.815353 -94.206711 -533.435669, -288.947723 270.668213 -598.755981, 125.148842 -159.622833 619.857117, 51.178429 -22.045576 619.818359, 
-415.568085 264.602600 -354.566559, -483.448395 266.886902 -211.702423, -152.192703 346.286011 -595.561951, -152.319687 195.502686 -592.973450, -25.866333 -157.221664 620.575623, -567.665771 269.168243 -343.460876, 221.815353 -94.206711 -533.435608, -288.937805 270.710297 -598.692383, 125.101448 -159.719849 619.889221, 51.270603 -22.062046 619.800842, 
-415.504486 264.583679 -354.458160, -483.603455 266.882416 -211.699738, -152.156586 346.282684 -595.608154, -152.334122 195.494766 -592.985107, -25.909428 -157.163040 620.572021, -567.606262 269.190430 -343.603241, 221.815384 -94.206711 -533.435608, -288.927979 270.750610 -598.639343, 125.057129 -159.797897 619.920532, 51.345356 -22.072666 619.778137, 
-415.464752 264.561768 -354.343506, -483.752136 266.861877 -211.700821, -152.136856 346.285126 -595.631592, -152.350983 195.490860 -592.992493, -25.947021 -157.111954 620.565002, -567.552734 269.233063 -343.742554, 221.815353 -94.206711 -533.435547, -288.929749 270.779114 -598.591675, 125.016525 -159.897964 619.951355, 51.415882 -22.095226 619.758789, 
-415.420135 264.540985 -354.258087, -483.861511 266.847321 -211.698044, -152.137833 346.284271 -595.646484, -152.377365 195.495453 -593.009766, -25.973295 -157.053024 620.565186, -567.499817 269.266296 -343.857727, 221.815353 -94.206711 -533.435608, -288.949677 270.798035 -598.558960, 124.992302 -159.963699 619.975159, 51.492191 -22.102322 619.738831, 
-415.351257 264.513824 -354.164581, -484.009277 266.840118 -211.698532, -152.122253 346.275208 -595.652222, -152.398926 195.488846 -593.041077, -26.006447 -157.005173 620.562927, -567.430603 269.301453 -343.992798, 221.815353 -94.206718 -533.435608, -288.956818 270.821716 -598.524597, 124.969902 -160.013275 619.998169, 51.564720 -22.113285 619.721680, 
-415.323517 264.495087 -354.063385, -484.157898 266.808411 -211.690613, -152.100510 346.266724 -595.658020, -152.421570 195.481491 -593.074585, -26.035128 -156.945068 620.567871, -567.384644 269.358917 -344.129303, 221.815353 -94.206711 -533.435669, -288.961945 270.849884 -598.484680, 124.938103 -160.079834 620.016846, 51.651356 -22.117207 619.702026, 
-415.302032 264.497955 -353.980591, -484.267670 266.771240 -211.678986, -152.079239 346.260986 -595.665222, -152.433685 195.474899 -593.099426, -26.066170 -156.879562 620.587402, -567.344482 269.405792 -344.229218, 221.815353 -94.206711 -533.435730, -288.960083 270.875031 -598.450073, 124.908585 -160.154724 620.019958, 51.729900 -22.125975 619.682983, 
-415.281494 264.504211 -353.915833, -484.351929 266.742401 -211.680298, -152.063431 346.249908 -595.671387, -152.442734 195.464661 -593.113220, -26.094288 -156.823669 620.596802, -567.318787 269.432434 -344.314209, 221.815353 -94.206711 -533.435669, -288.961243 270.899384 -598.426208, 124.891449 -160.186493 620.021484, 51.788326 -22.125620 619.673645, 
-415.266449 264.509064 -353.855591, -484.420532 266.733582 -211.680710, -152.051086 346.245056 -595.674988, -152.448868 195.459854 -593.125793, -26.117952 -156.770309 620.623962, -567.294861 269.443634 -344.377350, 221.815353 -94.206711 -533.435669, -288.963470 270.907074 -598.398071, 124.865517 -160.219894 620.005188, 51.836224 -22.117847 619.664001, 
-415.242401 264.509460 -353.799072, -484.478516 266.746857 -211.675308, -152.041275 346.241211 -595.678101, -152.450729 195.453918 -593.139221, -26.135347 -156.739731 620.648865, -567.280212 269.427765 -344.415894, 221.815353 -94.206711 -533.435608, -288.959930 270.913788 -598.379944, 124.843750 -160.257507 620.000916, 51.872787 -22.120083 619.646423, 
-415.209534 264.504089 -353.749786, -484.538116 266.747894 -211.675766, -152.030273 346.235352 -595.688904, -152.457642 195.449493 -593.148376, -26.144991 -156.717010 620.659119, -567.251770 269.431976 -344.479523, 221.815353 -94.206711 -533.435608, -288.959747 270.920349 -598.362854, 124.837105 -160.286804 619.995789, 51.908390 -22.126616 619.641907, 
-415.182617 264.494446 -353.701904, -484.589264 266.750702 -211.679260, -152.009109 346.224792 -595.704773, -152.462204 195.442688 -593.149475, -26.143114 -156.706512 620.663513, -567.227844 269.436340 -344.531403, 221.815353 -94.206718 -533.435608, -288.957703 270.938324 -598.340881, 124.827423 -160.326447 619.979858, 51.942444 -22.132595 619.651245, 
-415.159241 264.490448 -353.671783, -484.652527 266.750946 -211.682678, -151.992920 346.217346 -595.722107, -152.462585 195.437546 -593.149109, -26.142059 -156.697235 620.664001, -567.194580 269.438538 -344.595306, 221.815353 -94.206711 -533.435547, -288.953613 270.952515 -598.322388, 124.818794 -160.352448 619.967834, 51.968529 -22.134075 619.660706, 
-415.142090 264.494690 -353.642365, -484.723419 266.756104 -211.687805, -151.985413 346.211578 -595.733582, -152.464523 195.430893 -593.154419, -26.157766 -156.672729 620.668030, -567.157288 269.426636 -344.681915, 221.815353 -94.206711 -533.435547, -288.951813 270.960815 -598.304077, 124.802406 -160.382263 619.955505, 52.007259 -22.137831 619.667419, 
-415.127594 264.497955 -353.599640, -484.788361 266.754272 -211.693451, -151.986465 346.210175 -595.749023, -152.466202 195.428635 -593.162048, -26.173506 -156.636887 620.660034, -567.135254 269.425964 -344.750885, 221.815353 -94.206711 -533.435669, -288.955017 270.962250 -598.277222, 124.791809 -160.420517 619.938904, 52.061386 -22.144711 619.687805, 
-415.111267 264.501038 -353.561188, -484.850677 266.730377 -211.707169, -151.991974 346.210022 -595.753845, -152.460434 195.427872 -593.174255, -26.186232 -156.603500 620.659668, -567.122925 269.448517 -344.822083, 221.815353 -94.206711 -533.435669, -288.956329 270.958405 -598.258911, 124.776512 -160.480499 619.907593, 52.118313 -22.157217 619.713867, 
-415.102692 264.503235 -353.536194, -484.899628 266.721283 -211.712692, -151.991989 346.210022 -595.753967, -152.464066 195.426147 -593.178833, -26.204605 -156.569244 620.650940, -567.108276 269.458557 -344.873169, 221.815353 -94.206711 -533.435608, -288.958221 270.961456 -598.251709, 124.762642 -160.520096 619.907227, 52.163155 -22.165022 619.721558, 
-415.106903 264.507355 -353.519775, -484.926056 266.703552 -211.719208, -151.989838 346.207672 -595.751465, -152.467987 195.425415 -593.185791, -26.214169 -156.543808 620.650696, -567.098877 269.475006 -344.908447, 221.815353 -94.206718 -533.435547, -288.964172 270.962677 -598.237671, 124.752396 -160.533981 619.903320, 52.188042 -22.160769 619.724792, 
-415.091797 264.498718 -353.490692, -484.967865 266.700928 -211.720428, -151.992599 346.206451 -595.748901, -152.475830 195.425003 -593.198242, -26.223577 -156.516327 620.649841, -567.085876 269.487122 -344.946777, 221.815353 -94.206711 -533.435608, -288.970032 270.964111 -598.229614, 124.740005 -160.539642 619.906494, 52.202785 -22.150154 619.722778, 
-415.077057 264.488770 -353.452881, -485.037018 266.699219 -211.722855, -151.992096 346.204071 -595.746521, -152.479813 195.421188 -593.204407, -26.232388 -156.497269 620.638367, -567.069214 269.500427 -345.007904, 221.815353 -94.206711 -533.435669, -288.970795 270.967255 -598.226624, 124.731949 -160.543625 619.901917, 52.219284 -22.144863 619.736267, 
-415.055298 264.492798 -353.413544, -485.110107 266.677490 -211.727356, -151.992096 346.204071 -595.746521, -152.479813 195.421188 -593.204285, -26.234015 -156.479385 620.622131, -567.045593 269.523895 -345.077179, 221.815353 -94.206703 -533.435547, -288.970795 270.967224 -598.226624, 124.730179 -160.550278 619.899231, 52.238556 -22.140396 619.752136, 
-415.032257 264.516449 -353.361298, -485.168854 266.652283 -211.723343, -151.992096 346.204071 -595.746521, -152.479813 195.421188 -593.204163, -26.232716 -156.460022 620.612183, -567.028809 269.532074 -345.126495, 221.815353 -94.206718 -533.435608, -288.970795 270.967285 -598.226624, 124.726143 -160.564102 619.900330, 52.255127 -22.134878 619.759399, 
-414.998535 264.514771 -353.303711, -485.221985 266.645721 -211.714478, -151.992096 346.204071 -595.746521, -152.479813 195.421188 -593.204224, -26.237621 -156.450165 620.612427, -566.990723 269.541290 -345.188751, 221.815353 -94.206703 -533.435608, -288.970795 270.967285 -598.226624, 124.724739 -160.569016 619.897461, 52.266560 -22.135710 619.761536, 
-414.972992 264.520844 -353.226898, -485.296265 266.634583 -211.699371, -151.992096 346.204041 -595.746460, -152.479843 195.421188 -593.204163, -26.242466 -156.439346 620.608276, -566.968689 269.545654 -345.236511, 221.815353 -94.206711 -533.435669, -288.971893 270.970703 -598.223022, 124.719788 -160.571030 619.899719, 52.272964 -22.132223 619.763306, 
-414.946838 264.519745 -353.170441, -485.353088 266.639496 -211.692612, -151.992096 346.204102 -595.746521, -152.479813 195.421188 -593.204102, -26.244839 -156.438507 620.605408, -566.951904 269.543915 -345.268433, 221.815353 -94.206718 -533.435608, -288.972961 270.968506 -598.219421, 124.714432 -160.578995 619.905396, 52.279224 -22.133657 619.760925, 
-414.917664 264.500183 -353.129181, -485.411102 266.643646 -211.697647, -151.992096 346.204071 -595.746399, -152.477707 195.419525 -593.208557, -26.249519 -156.434845 620.601257, -566.919617 269.556244 -345.333130, 221.815353 -94.206703 -533.435608, -288.972382 270.969360 -598.212280, 124.708107 -160.588943 619.907898, 52.284199 -22.135759 619.762573, 
-414.906036 264.480774 -353.062073, -485.482788 266.653931 -211.692886, -151.990372 346.206177 -595.750305, -152.481400 195.417847 -593.211792, -26.251892 -156.434204 620.599487, -566.901062 269.564819 -345.382904, 221.815353 -94.206711 -533.435547, -288.975464 270.971893 -598.192017, 124.705650 -160.589447 619.909668, 52.284195 -22.135759 619.762573, 
-414.885010 264.472198 -353.004333, -485.542908 266.674652 -211.683701, -151.977448 346.203827 -595.763916, -152.482239 195.415634 -593.221497, -26.252892 -156.430801 620.598389, -566.882690 269.549438 -345.430756, 221.815353 -94.206718 -533.435608, -288.970886 270.983948 -598.172058, 124.705650 -160.589447 619.909668, 52.287144 -22.135069 619.763611, 
-414.878448 264.459778 -352.956390, -485.587341 266.686707 -211.674911, -151.964539 346.201477 -595.778625, -152.486465 195.412949 -593.225098, -26.252892 -156.430786 620.598328, -566.874512 269.545654 -345.453278, 221.815353 -94.206718 -533.435547, -288.968964 271.000061 -598.149231, 124.705650 -160.589447 619.909668, 52.287144 -22.135069 619.763550, 
-414.880829 264.435974 -352.931946, -485.616760 266.711609 -211.676102, -151.956421 346.196899 -595.785400, -152.487640 195.410553 -593.223633, -26.252892 -156.430786 620.598206, -566.867493 269.534454 -345.485046, 221.815353 -94.206703 -533.435669, -288.969299 271.010254 -598.136719, 124.705650 -160.589447 619.909668, 52.287144 -22.135069 619.763550, 
-414.883423 264.409149 -352.899780, -485.650848 266.735718 -211.673065, -151.953873 346.197510 -595.789124, -152.494339 195.408661 -593.225403, -26.252892 -156.430786 620.598328, -566.863220 269.526123 -345.511414, 221.815338 -94.206703 -533.435608, -288.971680 271.022858 -598.124878, 124.705650 -160.589462 619.909546, 52.287144 -22.135069 619.763550, 
-414.879883 264.370667 -352.856934, -485.685364 266.771851 -211.664383, -151.952698 346.195465 -595.791626, -152.500259 195.408157 -593.228577, -26.252892 -156.430786 620.598450, -566.864990 269.521637 -345.530975, 221.815353 -94.206711 -533.435547, -288.975067 271.029083 -598.120605, 124.705650 -160.589432 619.909546, 52.287144 -22.135069 619.763489, 
-414.875122 264.318665 -352.796478, -485.742249 266.827850 -211.647247, -151.948456 346.192841 -595.795959, -152.515289 195.406387 -593.232910, -26.252892 -156.430786 620.598206, -566.855530 269.506744 -345.560760, 221.815353 -94.206711 -533.435547, -288.981812 271.041077 -598.110107, 124.705650 -160.589447 619.909668, 52.287144 -22.135069 619.763611, 
-414.870544 264.261932 -352.756653, -485.781097 266.873016 -211.647171, -151.934235 346.181915 -595.801697, -152.525620 195.397095 -593.239197, -26.252892 -156.430786 620.598328, -566.839355 269.508087 -345.609161, 221.815353 -94.206711 -533.435547, -288.983337 271.052063 -598.092346, 124.705650 -160.589447 619.909668, 52.287144 -22.135069 619.763550, 
-414.864166 264.241028 -352.735931, -485.812347 266.902618 -211.647156, -151.924118 346.170380 -595.817139, -152.533752 195.388855 -593.238525, -26.252892 -156.430786 620.598328, -566.834717 269.494110 -345.632355, 221.815353 -94.206711 -533.435669, -288.985016 271.056488 -598.079651, 124.705650 -160.589447 619.909668, 52.287144 -22.135071 619.763489, 
-414.861359 264.222931 -352.723297, -485.828949 266.913635 -211.647736, -151.920883 346.165100 -595.837158, -152.539627 195.388046 -593.247070, -26.252892 -156.430786 620.598328, -566.823730 269.500793 -345.653503, 221.815353 -94.206718 -533.435608, -288.990906 271.063660 -598.051880, 124.705650 -160.589447 619.909668, 52.287144 -22.135069 619.763489, 
-414.857574 264.218414 -352.717133, -485.847626 266.919250 -211.649414, -151.916382 346.153473 -595.851196, -152.544983 195.384460 -593.255249, -26.252892 -156.430786 620.598328, -566.815491 269.498779 -345.674438, 221.815353 -94.206711 -533.435608, -288.997589 271.072479 -598.033447, 124.705650 -160.589447 619.909668, 52.287144 -22.135069 619.763550, 
-414.860321 264.213837 -352.710632, -485.854553 266.923279 -211.649445, -151.917099 346.148102 -595.852844, -152.552048 195.379898 -593.265625, -26.252892 -156.430786 620.598328, -566.814148 269.496674 -345.681030, 221.815353 -94.206718 -533.435608, -289.003510 271.076416 -598.019897, 124.705650 -160.589447 619.909668, 52.287144 -22.135069 619.763550, 
-414.859070 264.209412 -352.704193, -485.864624 266.933746 -211.648788, -151.916763 346.139435 -595.855408, -152.547028 195.369888 -593.275696, -26.252892 -156.430801 620.598328, -566.812927 269.488770 -345.687653, 221.815353 -94.206718 -533.435608, -289.000732 271.071747 -598.008789, 124.705650 -160.589447 619.909668, 52.287144 -22.135069 619.763550, 
-414.856598 264.205719 -352.701447, -485.864624 266.933746 -211.648788, -151.917847 346.137054 -595.855408, -152.545181 195.362823 -593.290161, -26.252892 -156.430786 620.598328, -566.810547 269.492188 -345.690491, 221.815353 -94.206711 -533.435669, -288.997742 271.069580 -597.996399, 124.705650 -160.589447 619.909668, 52.287144 -22.135069 619.763672, 
-414.856598 264.205688 -352.701447, -485.864624 266.933746 -211.648788, -151.915421 346.135620 -595.854004, -152.546707 195.357132 -593.303101, -26.252892 -156.430786 620.598328, -566.810486 269.492188 -345.690521, 221.815353 -94.206711 -533.435547, -288.994812 271.073547 -597.986511, 124.705650 -160.589447 619.909607, 52.287144 -22.135069 619.763550, 
-414.856598 264.205688 -352.701447, -485.864563 266.933716 -211.648804, -151.909119 346.129883 -595.850708, -152.549591 195.352173 -593.310364, -26.252892 -156.430786 620.598328, -566.810547 269.492249 -345.690521, 221.815353 -94.206711 -533.435547, -288.994049 271.076447 -597.983093, 124.705650 -160.589447 619.909546, 52.287144 -22.135069 619.763550, 
-414.859680 264.204407 -352.698029, -485.864624 266.933716 -211.648788, -151.903168 346.126160 -595.840759, -152.555420 195.348511 -593.320312, -26.252892 -156.430786 620.598267, -566.810547 269.492188 -345.690521, 221.815338 -94.206718 -533.435547, -288.995056 271.083466 -597.979309, 124.705650 -160.589447 619.909546, 52.287144 -22.135069 619.763611, 
-414.858276 264.203308 -352.694427, -485.867676 266.934723 -211.647980, -151.900818 346.123840 -595.833740, -152.560287 195.341125 -593.333374, -26.252892 -156.430786 620.598267, -566.810608 269.492218 -345.690552, 221.815353 -94.206718 -533.435608, -288.992981 271.091644 -597.974304, 124.705650 -160.589447 619.909668, 52.287144 -22.135069 619.763428, 
-414.858246 264.203278 -352.694427, -485.867676 266.934723 -211.647980, -151.898285 346.124420 -595.832458, -152.566162 195.340073 -593.346497, -26.252892 -156.430786 620.598328, -566.810547 269.492218 -345.690552, 221.815338 -94.206711 -533.435608, -288.993835 271.098175 -597.964600, 124.705650 -160.589447 619.909668, 52.287144 -22.135069 619.763428, 
-414.858276 264.203308 -352.694427, -485.867615 266.934723 -211.647980, -151.887146 346.122253 -595.828491, -152.570129 195.334793 -593.361755, -26.252892 -156.430786 620.598328, -566.810608 269.492218 -345.690521, 221.815353 -94.206718 -533.435547, -288.988892 271.106384 -597.954895, 124.705650 -160.589447 619.909668, 52.287144 -22.135069 619.763489, 
-414.858276 264.203308 -352.694427, -485.867615 266.934723 -211.647980, -151.878693 346.121735 -595.830383, -152.574875 195.335510 -593.368713, -26.252892 -156.430786 620.598328, -566.810547 269.492218 -345.690521, 221.815353 -94.206711 -533.435669, -288.988373 271.116455 -597.947510, 124.705650 -160.589447 619.909668, 52.287144 -22.135069 619.763489, 
-414.858276 264.203308 -352.694427, -485.867676 266.934753 -211.647980, -151.874802 346.119812 -595.830933, -152.574829 195.335510 -593.368774, -26.252892 -156.430786 620.598328, -566.810547 269.492218 -345.690491, 221.815338 -94.206711 -533.435730, -288.987946 271.120026 -597.946960, 124.705650 -160.589447 619.909546, 52.287144 -22.135069 619.763550, 
-414.858276 264.203278 -352.694427, -485.867615 266.934692 -211.647980, -151.874802 346.119812 -595.830933, -152.578522 195.333832 -593.372498, -26.252892 -156.430786 620.598328, -566.810547 269.492218 -345.690521, 221.815353 -94.206718 -533.435669, -288.988525 271.123474 -597.943909, 124.705650 -160.589447 619.909607, 52.287144 -22.135069 619.763672, 
-414.858276 264.203247 -352.694427, -485.867615 266.934753 -211.647980, -151.874802 346.119812 -595.830933, -152.578522 195.333832 -593.372559, -26.252892 -156.430786 620.598328, -566.810547 269.492218 -345.690521, 221.815384 -94.206703 -533.435486, -288.988525 271.123505 -597.943970, 124.705650 -160.589462 619.909546, 52.287144 -22.135067 619.763428, 
