-763.000000 -343.000000 -394.000000, 117.000000 653.000000 -614.000000, 138.000000 712.000000 -604.000000, -578.000000 -427.000000 -515.000000, 367.000000 677.000000 -639.000000, 534.000000 -604.000000 292.000000, 429.000000 -524.000000 465.000000, -621.000000 -338.000000 -456.000000, 320.000000 727.000000 -769.000000, 687.000000 -503.000000 352.000000, 
-736.732910 -436.068146 -385.898743, 167.509293 592.714722 -676.835693, 177.979630 733.727600 -642.971558, -612.771545 -498.150269 -458.208435, 324.732025 636.366577 -639.274353, 521.638977 -551.716370 308.683807, 89.406822 -401.260803 262.135284, -365.605499 -350.542084 -92.257462, 274.461182 676.473694 -773.803345, 639.802307 -481.337555 382.437256, 
-715.059021 -421.725311 -392.588898, 174.984680 581.814758 -685.954285, 186.324951 734.683228 -649.816711, -602.293152 -468.193970 -447.091156, 326.641296 634.894226 -636.579590, 507.980011 -533.252991 348.969940, -115.108841 -353.324768 166.075119, -227.014984 -342.985565 92.272530, 278.131897 674.320312 -779.246948, 613.954895 -476.789490 407.738525, 
-718.261719 -426.864288 -398.411102, 178.287613 579.226807 -690.822327, 188.128967 732.765259 -653.622131, -596.186096 -464.457520 -442.924377, 327.169830 634.833252 -634.877930, 507.275146 -528.519043 353.923889, -111.845604 -352.465393 160.139450, -231.324127 -343.722046 97.372475, 282.712585 674.674866 -780.229919, 619.887207 -477.956848 406.467407, 
-721.536133 -432.485382 -404.185333, 180.110321 578.241028 -694.281372, 187.827713 731.519592 -656.771301, -591.113647 -459.572632 -437.997620, 326.876221 634.932678 -632.877930, 504.449097 -523.166199 359.760162, -108.479332 -351.751465 153.352829, -235.658875 -344.340088 103.427467, 287.171387 674.753967 -779.880249, 626.034790 -481.253784 402.790894, 
-723.409851 -436.968597 -408.887909, 181.024445 577.999573 -696.775818, 186.758423 730.714905 -659.531494, -587.890625 -455.403442 -433.680847, 326.141785 635.264465 -631.037109, 501.598938 -517.791138 365.686493, -105.950577 -351.002655 146.664795, -239.148788 -345.021790 109.592377, 291.321289 674.350342 -779.049438, 631.347900 -485.510223 398.111176, 
-724.393616 -440.372314 -412.544098, 181.395355 577.953308 -698.823792, 185.585953 730.293579 -662.617798, -586.119873 -452.090607 -430.151093, 324.969391 635.716309 -629.055176, 499.642517 -513.248596 370.657135, -104.560883 -350.343597 141.779678, -241.045929 -345.656464 114.324043, 295.323883 673.666870 -777.864807, 634.781738 -489.576172 393.628082, 
-724.898438 -442.606018 -415.082611, 181.915268 578.048828 -700.611450, 184.427307 730.098328 -665.857727, -585.344177 -449.860687 -427.625092, 323.681885 636.519958 -627.188782, 498.340851 -509.566193 374.890778, -103.778503 -349.794006 138.045059, -242.091629 -346.197906 118.011604, 298.990295 673.067078 -776.817810, 636.756226 -493.095215 389.560577, 
-725.030029 -444.182129 -416.833557, 182.146637 578.239685 -701.994080, 183.601120 729.936218 -668.740417, -584.885010 -448.280823 -425.880493, 322.437714 637.423523 -625.421570, 497.676117 -506.955353 377.882568, -103.397446 -349.466919 135.253922, -242.696213 -346.520752 120.783829, 302.360657 671.921814 -775.750793, 637.680603 -495.654175 386.620239, 
-725.083069 -445.176025 -418.014069, 182.236053 578.371460 -702.856873, 183.088150 729.918213 -671.639038, -584.672974 -447.276215 -424.692017, 321.308075 638.048401 -623.968384, 497.306580 -505.144287 379.984497, -103.243530 -349.285339 133.243607, -243.052582 -346.699463 122.788567, 305.260803 670.678406 -774.734680, 638.024719 -497.452301 384.533997, 
-725.068359 -445.851685 -418.787354, 182.256592 578.597961 -703.351135, 182.788513 730.032654 -673.869080, -584.540588 -446.590973 -423.912201, 320.314972 638.598022 -622.914307, 497.196808 -503.824890 381.237823, -103.173538 -349.207245 131.904785, -243.224274 -346.776489 124.131981, 307.351898 669.701294 -774.071655, 638.212341 -498.758179 383.291992, 
-724.989685 -446.295105 -419.329803, 182.435364 578.433472 -703.482605, 182.287155 730.063110 -675.910706, -584.405090 -446.139526 -423.366425, 319.206055 639.564392 -621.814209, 497.097626 -503.088074 381.890228, -103.238953 -349.200531 131.035034, -243.405975 -346.778961 124.998955, 308.903137 668.661133 -773.451233, 638.209534 -499.492401 382.643616, 
-724.923950 -446.582764 -419.668823, 182.584259 578.377014 -703.366211, 181.870956 730.185059 -677.510254, -584.313049 -445.845123 -423.024200, 318.442169 640.418823 -620.964600, 496.987366 -502.478851 382.489044, -103.383957 -349.249359 130.353195, -243.620255 -346.722961 125.677368, 309.988190 667.866699 -772.877563, 638.150208 -500.099304 382.050385, 
-724.862732 -446.857666 -419.904846, 182.807388 578.289246 -703.184448, 181.467041 730.116577 -678.758789, -584.204102 -445.537109 -422.780487, 317.959442 641.283691 -620.310181, 496.946075 -501.903900 383.051178, -103.487183 -349.278931 129.838501, -243.771576 -346.705750 126.234077, 310.756561 667.273254 -772.496521, 638.134827 -500.668518 381.494934, 
-724.830444 -447.035797 -420.012329, 182.954926 578.145447 -702.959717, 181.200455 729.980469 -679.932983, -584.168823 -445.353729 -422.671631, 317.650177 641.974426 -619.914001, 496.955261 -501.493530 383.506714, -103.514748 -349.353180 129.405563, -243.822800 -346.628387 126.674805, 311.393799 666.781189 -772.243774, 638.148254 -501.074066 381.044312, 
-724.791626 -447.140717 -420.074615, 183.069916 578.088928 -702.681824, 180.974442 730.062927 -681.064880, -584.163879 -445.270599 -422.614258, 317.230133 642.660767 -619.453064, 496.917633 -501.299194 383.752350, -103.559860 -349.387207 128.950134, -243.882736 -346.573883 127.099625, 311.971100 666.251709 -771.929382, 638.106812 -501.266235 380.803131, 
-724.780029 -447.211334 -420.098846, 183.047897 578.034302 -702.201294, 180.776016 730.163513 -682.092224, -584.152893 -445.197723 -422.589783, 316.882812 643.267151 -619.243530, 496.943665 -501.148010 383.933838, -103.632172 -349.361603 128.668396, -243.967667 -346.596893 127.386726, 312.287964 665.780212 -771.837463, 638.125977 -501.415619 380.622803, 
-724.774536 -447.229950 -420.120056, 183.090958 577.871643 -701.767883, 180.586685 730.194397 -683.113892, -584.147095 -445.178436 -422.568176, 316.608612 643.933228 -619.110901, 496.957916 -501.015686 384.058350, -103.612663 -349.308777 128.501022, -243.953583 -346.651764 127.558777, 312.566315 665.186951 -771.798950, 638.134338 -501.546448 380.499207, 
-724.780396 -447.234955 -420.130646, 183.030563 577.777466 -701.335693, 180.453201 730.232910 -683.661987, -584.152710 -445.173492 -422.557098, 316.491302 644.545593 -618.985718, 496.937683 -500.897522 384.148621, -103.610298 -349.232422 128.382843, -243.956009 -346.730103 127.680046, 312.600800 664.638428 -771.747620, 638.109375 -501.663025 380.411163, 
-724.791260 -447.246735 -420.130829, 183.114777 577.672363 -700.814087, 180.299469 730.235046 -684.184570, -584.164307 -445.161682 -422.556519, 316.512054 645.080200 -618.957031, 496.939453 -500.828125 384.204865, -103.592827 -349.214844 128.296066, -243.939835 -346.748779 127.769196, 312.688568 664.322510 -771.697388, 638.107727 -501.731598 380.355560, 
-724.791260 -447.246735 -420.130829, 183.264862 577.499573 -700.388123, 180.119537 730.230164 -684.742737, -584.164246 -445.161682 -422.556519, 316.455475 645.605103 -618.829590, 496.957581 -500.786896 384.235565, -103.569794 -349.187927 128.210999, -243.917984 -346.777130 127.856552, 312.687469 664.020569 -771.646057, 638.123474 -501.772583 380.324310, 
-724.791321 -447.246735 -420.130829, 183.372162 577.371643 -699.993591, 180.066208 730.217773 -685.303162, -584.164307 -445.161682 -422.556519, 316.459930 646.053345 -618.763062, 496.957581 -500.786896 384.235565, -103.536316 -349.188110 128.148590, -243.884125 -346.778107 127.920609, 312.796814 663.674500 -771.612671, 638.123535 -501.772583 380.324310, 
-724.791260 -447.246735 -420.130829, 183.447983 577.231934 -699.621216, 179.994965 730.227295 -685.912415, -584.164307 -445.161682 -422.556519, 316.329529 646.451050 -618.627075, 496.957581 -500.786896 384.235565, -103.519211 -349.167664 128.101501, -243.867569 -346.799622 127.968857, 312.920898 663.385742 -771.524231, 638.123474 -501.772583 380.324310, 
-724.791321 -447.246735 -420.130829, 183.516312 577.126099 -699.244629, 179.893280 730.180969 -686.415344, -584.164307 -445.161682 -422.556519, 316.229095 646.875671 -618.478821, 496.957581 -500.786896 384.235565, -103.513245 -349.149109 128.025558, -243.862320 -346.818787 128.046616, 313.034454 663.043152 -771.449036, 638.123474 -501.772583 380.324310, 
-724.791260 -447.246735 -420.130829, 183.628143 577.020325 -698.907104, 179.815033 730.070435 -686.864563, -584.164246 -445.161682 -422.556519, 316.273285 647.292297 -618.456421, 496.957581 -500.786896 384.235565, -103.512848 -349.128082 127.926735, -243.862732 -346.840332 128.147705, 313.146118 662.769592 -771.461121, 638.123474 -501.772583 380.324310, 
-724.791321 -447.246735 -420.130829, 183.718262 576.934143 -698.542358, 179.702560 730.014893 -687.369141, -584.164307 -445.161682 -422.556519, 316.240753 647.620361 -618.390320, 496.957581 -500.786896 384.235565, -103.518257 -349.117798 127.883644, -243.868546 -346.850647 128.191818, 313.220245 662.552124 -771.433899, 638.123413 -501.772583 380.324310, 
-724.791260 -447.246735 -420.130829, 183.754517 576.916077 -698.288025, 179.663651 730.036438 -687.775635, -584.164307 -445.161682 -422.556519, 316.178406 647.877625 -618.316345, 496.957581 -500.786896 384.235565, -103.518257 -349.117798 127.883636, -243.868546 -346.850647 128.191818, 313.324585 662.345581 -771.382996, 638.123352 -501.772583 380.324310, 
-724.791260 -447.246735 -420.130829, 183.762299 576.945129 -698.088989, 179.621918 730.090576 -688.071289, -584.164246 -445.161682 -422.556519, 316.141418 648.034180 -618.257080, 496.957581 -500.786896 384.235565, -103.518257 -349.117798 127.883636, -243.868546 -346.850647 128.191818, 313.371063 662.192383 -771.331787, 638.123474 -501.772583 380.324310, 
-724.791260 -447.246735 -420.130829, 183.710770 577.011292 -697.913635, 179.636917 730.201904 -688.333069, -584.164246 -445.161682 -422.556519, 316.089264 648.201355 -618.207764, 496.957581 -500.786896 384.235565, -103.518257 -349.117798 127.883636, -243.868546 -346.850647 128.191833, 313.413116 661.997620 -771.288818, 638.123474 -501.772583 380.324310, 
-724.791138 -447.246735 -420.130829, 183.708954 577.016235 -697.746582, 179.697418 730.254272 -688.628662, -584.164246 -445.161682 -422.556519, 316.068787 648.311523 -618.165894, 496.957581 -500.786896 384.235565, -103.518257 -349.117798 127.883659, -243.868546 -346.850647 128.191818, 313.480835 661.826721 -771.270203, 638.123474 -501.772583 380.324310, 
-724.791260 -447.246735 -420.130829, 183.723175 577.040527 -697.587219, 179.762482 730.301025 -688.877991, -584.164307 -445.161682 -422.556519, 316.082062 648.470337 -618.160278, 496.957581 -500.786896 384.235565, -103.518257 -349.117798 127.883636, -243.868546 -346.850739 128.191803, 313.578674 661.596863 -771.278137, 638.123474 -501.772583 380.324310, 
-724.791321 -447.246735 -420.130829, 183.747726 577.071350 -697.448303, 179.822830 730.368896 -689.104919, -584.164246 -445.161682 -422.556519, 316.095306 648.591064 -618.168213, 496.957581 -500.786896 384.235565, -103.518257 -349.117798 127.883636, -243.868546 -346.850647 128.191803, 313.627350 661.404602 -771.320862, 638.123474 -501.772583 380.324371, 
-724.791260 -447.246735 -420.130829, 183.737183 577.112732 -697.232117, 179.878723 730.399292 -689.323486, -584.164307 -445.161682 -422.556519, 316.154480 648.769043 -618.216919, 496.957581 -500.786896 384.235565, -103.518257 -349.117798 127.883636, -243.868546 -346.850647 128.191818, 313.690063 661.239197 -771.368958, 638.123474 -501.772583 380.324310, 
-724.791321 -447.246735 -420.130829, 183.785721 577.114685 -697.077148, 179.893677 730.400391 -689.532593, -584.164246 -445.161682 -422.556519, 316.155396 648.963684 -618.230469, 496.957581 -500.786896 384.235565, -103.518257 -349.117798 127.883636, -243.868546 -346.850647 128.191818, 313.772186 661.064819 -771.415833, 638.123474 -501.772583 380.324310, 
-724.791260 -447.246735 -420.130829, 183.788391 577.088135 -696.972168, 179.865952 730.403564 -689.700500, -584.164246 -445.161682 -422.556519, 316.100037 649.118896 -618.195740, 496.957581 -500.786896 384.235565, -103.518257 -349.117798 127.883636, -243.868546 -346.850647 128.191803, 313.787842 660.946167 -771.401062, 638.123474 -501.772583 380.324310, 
-724.791260 -447.246735 -420.130829, 183.804642 577.065369 -696.861450, 179.838547 730.436768 -689.879700, -584.164246 -445.161682 -422.556519, 316.031189 649.254700 -618.140869, 496.957581 -500.786896 384.235565, -103.518257 -349.117828 127.883636, -243.868546 -346.850616 128.191803, 313.845856 660.832764 -771.327515, 638.123474 -501.772583 380.324310, 
-724.791138 -447.246735 -420.130829, 183.803238 577.076233 -696.837891, 179.825821 730.450073 -689.978516, -584.164246 -445.161682 -422.556519, 315.985260 649.321594 -618.100708, 496.957581 -500.786896 384.235565, -103.518257 -349.117798 127.883636, -243.868546 -346.850647 128.191803, 313.861511 660.792480 -771.315552, 638.123474 -501.772583 380.324310, 
-724.791138 -447.246735 -420.130829, 183.817902 577.076355 -696.833496, 179.800003 730.450256 -690.087280, -584.164246 -445.161682 -422.556519, 315.931793 649.425110 -618.081055, 496.957581 -500.786896 384.235565, -103.518257 -349.117798 127.883644, -243.868546 -346.850647 128.191803, 313.902191 660.731934 -771.316345, 638.123474 -501.772583 380.324310, 
-724.791138 -447.246735 -420.130829, 183.797516 577.075500 -696.799927, 179.805313 730.466064 -690.162720, -584.164246 -445.161682 -422.556519, 315.900818 649.476501 -618.067993, 496.957581 -500.786896 384.235565, -103.518257 -349.117798 127.883644, -243.868546 -346.850647 128.191803, 313.905518 660.667297 -771.312866, 638.123474 -501.772583 380.324310, 
-724.791138 -447.246735 -420.130829, 183.792938 577.087158 -696.788147, 179.759323 730.467712 -690.241394, -584.164246 -445.161682 -422.556519, 315.874695 649.566895 -618.070007, 496.957581 -500.786896 384.235565, -103.518257 -349.117798 127.883644, -243.868546 -346.850647 128.191803, 313.937103 660.615845 -771.291870, 638.123474 -501.772583 380.324371, 
-724.791260 -447.246735 -420.130829, 183.796570 577.073914 -696.763611, 179.728836 730.438843 -690.342712, -584.164307 -445.161682 -422.556519, 315.848145 649.663940 -618.072998, 496.957581 -500.786896 384.235565, -103.518257 -349.117798 127.883636, -243.868546 -346.850647 128.191818, 313.967957 660.554199 -771.299500, 638.123352 -501.772583 380.324310, 
-724.791260 -447.246735 -420.130829, 183.812973 577.065063 -696.713135, 179.722794 730.453552 -690.424500, -584.164307 -445.161682 -422.556519, 315.830841 649.759094 -618.087708, 496.957581 -500.786896 384.235565, -103.518257 -349.117798 127.883636, -243.868546 -346.850647 128.191818, 313.973206 660.483154 -771.327393, 638.123474 -501.772583 380.324310, 
-724.791260 -447.246735 -420.130829, 183.797165 577.044250 -696.632202, 179.709579 730.437805 -690.524902, -584.164307 -445.161682 -422.556519, 315.839172 649.838257 -618.111023, 496.957581 -500.786896 384.235565, -103.518257 -349.117798 127.883636, -243.868546 -346.850647 128.191818, 313.994781 660.393188 -771.312927, 638.123474 -501.772583 380.324310, 
-724.791260 -447.246735 -420.130829, 183.811920 577.052979 -696.521790, 179.702682 730.448669 -690.555176, -584.164246 -445.161682 -422.556519, 315.887848 649.954834 -618.104492, 496.957581 -500.786896 384.235565, -103.518257 -349.117798 127.883636, -243.868546 -346.850647 128.191803, 313.979767 660.324219 -771.299988, 638.123474 -501.772583 380.324310, 
-724.791260 -447.246735 -420.130829, 183.831604 577.031738 -696.465881, 179.680786 730.429993 -690.576477, -584.164307 -445.161682 -422.556519, 315.915100 650.015503 -618.082397, 496.957581 -500.786896 384.235565, -103.518257 -349.117798 127.883636, -243.868546 -346.850647 128.191818, 313.934174 660.286621 -771.296509, 638.123352 -501.772583 380.324310, 
-724.791260 -447.246735 -420.130829, 183.875839 576.990295 -696.416870, 179.680023 730.417786 -690.583008, -584.164307 -445.161682 -422.556519, 315.946198 650.110657 -618.083130, 496.957581 -500.786896 384.235565, -103.518257 -349.117798 127.883636, -243.868546 -346.850647 128.191818, 313.902313 660.244080 -771.314392, 638.123535 -501.772583 380.324310, 
-724.791260 -447.246735 -420.130829, 183.917038 576.975220 -696.387451, 179.659851 730.408936 -690.588806, -584.164307 -445.161682 -422.556519, 315.962646 650.190491 -618.066772, 496.957581 -500.786896 384.235565, -103.518257 -349.117798 127.883636, -243.868546 -346.850647 128.191818, 313.885162 660.222778 -771.316711, 638.123474 -501.772583 380.324310, 
-724.791321 -447.246735 -420.130829, 183.959625 576.940735 -696.366089, 179.636932 730.383972 -690.605164, -584.164246 -445.161682 -422.556519, 315.974915 650.263000 -618.070618, 496.957581 -500.786896 384.235565, -103.518257 -349.117798 127.883636, -243.868546 -346.850647 128.191803, 313.874756 660.173828 -771.332031, 638.123474 -501.772583 380.324310, 
-724.791321 -447.246735 -420.130829, 183.989990 576.933105 -696.274780, 179.636353 730.371765 -690.612000, -584.164246 -445.161682 -422.556519, 316.018372 650.331604 -618.062805, 496.957581 -500.786896 384.235565, -103.518257 -349.117798 127.883636, -243.868546 -346.850647 128.191803, 313.845001 660.120911 -771.351685, 638.123474 -501.772583 380.324310, 
-724.791321 -447.246735 -420.130829, 184.014297 576.918152 -696.186646, 179.649734 730.369202 -690.631592, -584.164246 -445.161682 -422.556519, 316.067169 650.384460 -618.089600, 496.957581 -500.786896 384.235565, -103.518257 -349.117798 127.883636, -243.868546 -346.850647 128.191803, 313.822998 660.073425 -771.383118, 638.123474 -501.772583 380.324310, 
-724.791321 -447.246735 -420.130829, 184.020020 576.907898 -696.082947, 179.657043 730.370667 -690.665833, -584.164307 -445.161682 -422.556519, 316.102295 650.452942 -618.126465, 496.957581 -500.786896 384.235565, -103.518257 -349.117798 127.883644, -243.868546 -346.850647 128.191818, 313.774750 660.015564 -771.441040, 638.123352 -501.772583 380.324310, 
-724.791260 -447.246735 -420.130829, 184.058456 576.882507 -695.960938, 179.649002 730.358765 -690.687866, -584.164307 -445.161682 -422.556519, 316.179688 650.560242 -618.189148, 496.957581 -500.786896 384.235565, -103.518257 -349.117798 127.883636, -243.868546 -346.850647 128.191788, 313.751038 659.971375 -771.479309, 638.123352 -501.772583 380.324310, 
-724.791260 -447.246735 -420.130829, 184.086212 576.869324 -695.883484, 179.637299 730.361084 -690.697083, -584.164307 -445.161682 -422.556519, 316.236511 650.620422 -618.217651, 496.957581 -500.786896 384.235565, -103.518257 -349.117798 127.883636, -243.868546 -346.850647 128.191788, 313.698425 659.958374 -771.506348, 638.123352 -501.772583 380.324310, 
-724.791260 -447.246735 -420.130829, 184.084198 576.840210 -695.743225, 179.616241 730.364136 -690.736694, -584.164246 -445.161682 -422.556519, 316.253235 650.668823 -618.236633, 496.957581 -500.786896 384.235565, -103.518257 -349.117798 127.883644, -243.868546 -346.850647 128.191833, 313.599426 659.920654 -771.551758, 638.123352 -501.772583 380.324310, 
-724.791260 -447.246735 -420.130829, 184.080872 576.823853 -695.688110, 179.616241 730.364136 -690.736694, -584.164246 -445.161682 -422.556519, 316.270416 650.698242 -618.234314, 496.957581 -500.786896 384.235565, -103.518257 -349.117798 127.883644, -243.868546 -346.850647 128.191803, 313.565826 659.891602 -771.548340, 638.123474 -501.772583 380.324310, 
-724.791260 -447.246735 -420.130829, 184.100067 576.835815 -695.672974, 179.616241 730.364136 -690.736694, -584.164185 -445.161682 -422.556519, 316.293396 650.709778 -618.224731, 496.957581 -500.786896 384.235565, -103.518257 -349.117798 127.883644, -243.868546 -346.850647 128.191833, 313.565826 659.891602 -771.548401, 638.123474 -501.772583 380.324310, 
-724.791260 -447.246735 -420.130829, 184.106720 576.844788 -695.663330, 179.616241 730.364136 -690.736694, -584.164246 -445.161682 -422.556519, 316.307861 650.712463 -618.222107, 496.957581 -500.786896 384.235565, -103.518257 -349.117798 127.883629, -243.868546 -346.850647 128.191818, 313.565857 659.891602 -771.548340, 638.123474 -501.772583 380.324310, 
-724.791260 -447.246735 -420.130829, 184.106705 576.854675 -695.643066, 179.616241 730.364136 -690.736694, -584.164246 -445.161682 -422.556519, 316.329010 650.714417 -618.230225, 496.957581 -500.786896 384.235565, -103.518257 -349.117798 127.883629, -243.868546 -346.850647 128.191818, 313.565857 659.891602 -771.548340, 638.123474 -501.772583 380.324310, 
-724.791260 -447.246735 -420.130829, 184.113815 576.866638 -695.607300, 179.616241 730.364136 -690.736694, -584.164307 -445.161682 -422.556519, 316.364166 650.725952 -618.241333, 496.957581 -500.786896 384.235565, -103.518257 -349.117798 127.883636, -243.868546 -346.850647 128.191818, 313.565887 659.891541 -771.548340, 638.123474 -501.772583 380.324310, 
-724.791260 -447.246735 -420.130829, 184.128555 576.858093 -695.594666, 179.616241 730.364136 -690.736694, -584.164246 -445.161682 -422.556519, 316.370483 650.746338 -618.241821, 496.957581 -500.786896 384.235565, -103.518257 -349.117798 127.883636, -243.868546 -346.850647 128.191818, 313.565887 659.891541 -771.548340, 638.123474 -501.772583 380.324310, 
-724.791260 -447.246735 -420.130829, 184.128571 576.847168 -695.575745, 179.616241 730.364136 -690.736694, -584.164246 -445.161682 -422.556519, 316.370453 650.746399 -618.241821, 496.957581 -500.786896 384.235565, -103.518257 -349.117798 127.883636, -243.868546 -346.850647 128.191803, 313.545197 659.889221 -771.555237, 638.123474 -501.772583 380.324310, 
-724.791260 -447.246735 -420.130829, 184.120178 576.848999 -695.557373, 179.616241 730.364136 -690.736694, -584.164185 -445.161682 -422.556519, 316.370514 650.746338 -618.241821, 496.957581 -500.786896 384.235565, -103.518257 -349.117798 127.883636, -243.868546 -346.850647 128.191803, 313.533051 659.874268 -771.561523, 638.123596 -501.772583 380.324310, 
-724.791260 -447.246735 -420.130829, 184.120178 576.848999 -695.557373, 179.616241 730.364136 -690.736694, -584.164307 -445.161682 -422.556519, 316.370514 650.746338 -618.241821, 496.957581 -500.786896 384.235565, -103.518257 -349.117798 127.883644, -243.868546 -346.850647 128.191803, 313.533051 659.874268 -771.561523, 638.123596 -501.772583 380.324310, 
