-754.000000 -526.000000 19.000000, -717.000000 -397.000000 -51.000000, -728.000000 -448.000000 153.000000, -318.000000 -463.000000 469.000000, -744.000000 -720.000000 -60.000000, -335.000000 625.000000 691.000000, -539.000000 -442.000000 -38.000000, -534.000000 -735.000000 -138.000000, -783.000000 -491.000000 -150.000000, -706.000000 -681.000000 106.000000, 
-706.870300 -535.848633 12.731017, -688.138062 -380.020142 -32.451122, -667.373840 -425.955688 117.005394, -261.161194 -534.898010 540.940308, -709.514893 -677.494263 -73.962402, -452.172699 508.796295 694.443420, -553.857056 -463.704193 -8.779957, -566.916016 -668.832031 -87.809433, -718.588196 -530.909668 -123.717201, -644.022827 -658.911133 65.989838, 
-705.436279 -532.801147 23.557932, -674.166870 -361.432892 -33.897385, -646.654053 -410.166138 111.402718, -261.161194 -534.897949 540.940430, -717.113098 -678.106323 -74.518448, -452.220917 508.794922 694.536804, -545.885010 -465.704926 -7.502003, -567.210266 -649.121704 -86.822838, -698.267700 -527.262329 -110.986153, -631.355652 -654.494324 63.288372, 
-705.896301 -528.653442 35.382191, -664.332214 -354.735168 -36.292377, -633.225464 -399.330292 108.837135, -261.161194 -534.898071 540.940430, -720.164368 -678.203918 -72.674126, -452.220917 508.794922 694.536804, -543.052917 -470.896576 -7.609307, -567.451660 -641.351868 -88.447838, -690.503357 -522.099854 -103.556610, -623.290527 -652.744934 61.545959, 
-705.489258 -524.987854 44.996788, -657.278625 -352.311646 -38.529732, -624.200684 -389.869720 106.374069, -261.161194 -534.898132 540.940430, -721.425659 -676.997803 -69.013672, -452.220917 508.794922 694.536743, -542.788940 -477.386383 -7.179644, -568.016418 -638.270020 -91.176086, -688.589966 -518.841797 -98.495796, -617.085083 -652.490601 59.913414, 
-704.499634 -522.113159 52.480877, -651.473755 -351.314728 -40.497978, -617.816223 -382.700104 103.662132, -261.161163 -534.898010 540.940430, -722.524658 -676.065918 -65.043365, -452.220917 508.794922 694.536743, -544.052185 -484.777679 -6.598825, -569.284180 -637.767151 -94.727554, -689.032959 -517.105530 -94.558975, -612.291565 -653.121338 57.890736, 
-703.276062 -519.553894 57.910000, -647.493958 -351.522766 -42.176708, -613.899536 -378.012177 101.494705, -261.161194 -534.898010 540.940491, -723.600220 -675.445618 -61.487713, -452.220917 508.794922 694.536804, -545.215576 -490.542114 -5.633870, -570.630737 -638.638245 -97.754356, -690.618225 -516.354126 -91.550507, -609.531189 -654.843811 55.724163, 
-702.385376 -517.164795 61.441154, -644.708069 -352.059204 -43.405056, -611.407654 -375.335297 100.272789, -261.161133 -534.898010 540.940430, -724.515381 -675.406738 -58.089382, -452.220917 508.794922 694.536743, -546.036438 -494.518799 -4.945254, -572.181824 -639.369324 -100.423027, -692.342529 -515.790955 -89.138168, -607.274292 -656.288147 53.908443, 
-701.337036 -515.234375 64.135300, -642.545227 -352.689240 -44.506271, -609.618469 -373.076172 99.136826, -261.161194 -534.898010 540.940430, -725.831116 -675.266846 -54.314972, -452.220917 508.794922 694.536743, -547.093323 -497.423340 -4.540957, -574.321411 -639.979309 -102.920959, -693.960266 -515.533752 -87.715935, -605.230469 -657.243347 52.405472, 
-700.633972 -513.489319 65.919891, -640.872375 -353.230072 -45.417599, -608.505615 -371.537170 98.210823, -261.161194 -534.898071 540.940491, -727.131287 -674.879272 -50.922359, -452.220917 508.794922 694.536804, -547.781799 -499.368042 -4.367579, -576.131897 -640.308655 -104.521439, -695.243835 -515.536987 -86.676422, -603.521606 -658.281738 51.217373, 
-699.911316 -512.350403 67.282753, -639.845886 -353.519135 -46.126728, -607.823914 -370.510498 97.518814, -261.161194 -534.898071 540.940430, -727.720215 -674.755859 -48.154251, -452.220917 508.794922 694.536804, -548.273193 -500.692474 -4.030429, -577.814758 -640.417175 -105.628212, -696.350159 -515.261047 -85.760628, -602.300598 -659.238403 50.232586, 
-699.345825 -511.667450 68.292458, -638.898865 -353.812134 -46.617336, -607.159607 -369.701141 96.924026, -261.161224 -534.898010 540.940430, -728.226929 -674.978821 -46.514008, -452.220917 508.794922 694.536804, -548.596436 -501.806396 -3.518740, -578.732849 -640.594360 -106.127350, -696.946045 -515.167480 -85.283279, -601.596863 -660.265564 49.371212, 
-698.878784 -510.984131 68.890686, -638.481323 -354.032318 -47.031651, -606.556458 -368.902557 96.464378, -261.161163 -534.898010 540.940430, -728.722656 -674.840393 -45.480457, -452.220917 508.794922 694.536743, -548.863953 -502.664978 -2.999313, -579.609863 -640.380127 -106.604706, -697.392944 -515.211182 -84.872520, -601.253113 -661.594666 48.677162, 
-698.604675 -510.685516 69.253502, -638.133972 -354.315186 -47.427723, -606.493652 -368.235016 96.109764, -261.161194 -534.898071 540.940430, -728.899231 -674.776489 -45.294861, -452.220917 508.794922 694.536682, -548.989136 -503.337128 -2.394264, -579.841003 -640.076294 -106.913704, -697.731445 -515.216492 -84.734856, -601.498047 -662.871399 47.912983, 
-698.384766 -510.485474 69.494453, -637.976562 -354.574249 -47.655674, -606.554688 -367.754211 95.806808, -261.161194 -534.898132 540.940430, -729.057068 -674.663147 -45.132545, -452.220917 508.794922 694.536743, -549.098083 -503.733490 -1.766856, -579.885803 -639.503418 -107.297241, -698.005676 -515.215149 -84.554138, -601.602234 -663.717346 47.322166, 
-698.317322 -510.325745 69.699074, -637.583557 -354.693207 -47.958717, -606.770325 -367.410126 95.563911, -261.161194 -534.898071 540.940369, -729.069763 -674.607422 -44.964535, -452.220917 508.794922 694.536743, -549.151367 -503.981384 -1.180518, -580.098816 -638.834290 -107.691238, -698.059265 -515.038330 -84.452225, -601.575623 -664.183167 46.951847, 
-698.320129 -510.164032 69.874847, -637.113281 -354.834503 -48.307182, -607.148132 -367.012817 95.341988, -261.161194 -534.898071 540.940430, -729.110474 -674.546631 -44.876476, -452.220917 508.794922 694.536682, -549.119995 -504.081055 -0.723660, -580.198914 -638.444702 -107.875893, -698.153381 -514.950806 -84.205147, -601.528564 -664.428406 46.692738, 
-698.211975 -510.150299 70.024345, -636.795776 -354.907349 -48.647957, -607.630676 -366.618927 95.082207, -261.161194 -534.898132 540.940430, -729.153076 -674.566711 -44.855972, -452.220917 508.794922 694.536804, -549.116760 -504.077209 -0.384738, -580.232910 -638.022644 -108.030159, -698.203613 -514.863220 -84.029404, -601.552612 -664.621277 46.466724, 
-698.068542 -510.069336 70.130989, -636.488159 -354.940979 -49.007668, -608.210938 -366.268188 94.883423, -261.161194 -534.898010 540.940430, -729.168457 -674.547302 -44.829933, -452.220917 508.794922 694.536743, -549.014099 -503.962982 0.010897, -580.256897 -637.494873 -108.112648, -698.357605 -514.704895 -83.837425, -601.623291 -664.858704 46.285225, 
-697.992310 -509.964569 70.192818, -636.001709 -354.959869 -49.318394, -608.596741 -365.924805 94.694878, -261.161194 -534.898071 540.940491, -729.204590 -674.482483 -44.766911, -452.220917 508.794922 694.536804, -548.950928 -503.923859 0.489773, -580.264099 -636.917847 -108.189690, -698.510681 -514.530884 -83.684288, -601.615479 -664.997009 46.121136, 
-697.963989 -509.967438 70.233467, -635.736755 -354.964233 -49.437939, -608.886902 -365.779877 94.760300, -261.161255 -534.898071 540.940491, -729.206360 -674.434631 -44.699638, -452.220917 508.794922 694.536743, -548.924194 -503.814026 0.862053, -580.164734 -636.412170 -108.189415, -698.549255 -514.428467 -83.537422, -601.517212 -665.097473 45.945446, 
-697.950195 -509.959503 70.255760, -635.465759 -354.944122 -49.498829, -609.090942 -365.664978 94.798515, -261.161194 -534.898071 540.940430, -729.240112 -674.450928 -44.650387, -452.220917 508.794922 694.536743, -548.848999 -503.765564 1.152566, -580.112427 -636.195129 -108.170776, -698.435242 -514.371826 -83.427040, -601.491211 -665.164795 45.789608, 
-698.077637 -509.950989 70.219398, -635.197998 -354.964478 -49.547070, -609.193237 -365.594269 94.771957, -261.161194 -534.898010 540.940491, -729.233826 -674.392456 -44.698250, -452.220917 508.794922 694.536682, -548.858521 -503.799896 1.398585, -580.125244 -635.906860 -108.229263, -698.432129 -514.234253 -83.353325, -601.442688 -665.310425 45.657791, 
-698.117615 -509.879211 70.212982, -634.867432 -355.008698 -49.550537, -609.283081 -365.554962 94.814674, -261.161194 -534.898010 540.940430, -729.227722 -674.349731 -44.714520, -452.220917 508.794922 694.536804, -548.848328 -503.878662 1.587294, -580.048828 -635.747559 -108.257133, -698.426147 -514.192932 -83.299004, -601.476196 -665.382507 45.635468, 
-698.129822 -509.861206 70.206619, -634.648376 -355.043152 -49.597858, -609.403320 -365.481903 94.815567, -261.161194 -534.898010 540.940491, -729.209778 -674.339417 -44.754879, -452.220917 508.794922 694.536743, -548.876831 -503.957733 1.874771, -579.962891 -635.560364 -108.294258, -698.419495 -514.152527 -83.295753, -601.509216 -665.591736 45.476151, 
-698.153870 -509.859894 70.196251, -634.461365 -355.067902 -49.691200, -609.505920 -365.333557 94.766342, -261.161194 -534.898010 540.940491, -729.216248 -674.328064 -44.805286, -452.220917 508.794922 694.536743, -548.917786 -504.068756 2.240978, -579.851990 -635.315369 -108.314598, -698.426758 -514.144165 -83.278885, -601.645691 -665.823059 45.303486, 
-698.259277 -509.883881 70.187431, -634.143982 -355.162415 -49.866711, -609.904968 -365.161804 94.662491, -261.161194 -534.898010 540.940430, -729.287720 -674.292175 -44.873425, -452.220917 508.794922 694.536804, -548.879822 -504.109528 2.649475, -579.864319 -635.164978 -108.309669, -698.371887 -514.095520 -83.284271, -601.796387 -666.053833 45.134735, 
-698.346008 -509.952728 70.150299, -633.776062 -355.206512 -50.042576, -610.345032 -365.049042 94.589645, -261.161194 -534.898010 540.940430, -729.295166 -674.296387 -44.917751, -452.220917 508.794922 694.536682, -548.898315 -504.104950 3.101300, -579.802734 -634.949768 -108.261093, -698.364868 -514.031799 -83.279823, -601.897888 -666.172791 45.088326, 
-698.440430 -510.003723 70.148331, -633.521790 -355.230713 -50.163315, -610.627930 -365.028717 94.495102, -261.161194 -534.898071 540.940491, -729.236755 -674.299744 -44.979259, -452.220917 508.794922 694.536804, -548.929016 -504.161346 3.591739, -579.690552 -634.558472 -108.234177, -698.271790 -514.016846 -83.249931, -601.928284 -666.537170 44.907520, 
-698.515198 -510.102966 70.138374, -633.112793 -355.349640 -50.275620, -611.090393 -364.786041 94.472916, -261.161194 -534.898071 540.940430, -729.140198 -674.336060 -45.134907, -452.220917 508.794922 694.536804, -548.968079 -504.285126 4.374772, -579.432983 -634.068176 -108.154144, -698.203979 -513.984253 -83.229477, -602.133240 -666.968323 44.770832, 
-698.637878 -510.275787 70.144417, -632.811768 -355.439087 -50.392162, -611.362244 -364.719543 94.393097, -261.161194 -534.898071 540.940430, -729.100830 -674.416443 -45.364376, -452.220917 508.794922 694.536804, -549.007507 -504.331421 4.915316, -579.228882 -633.791687 -108.118080, -698.101501 -513.862061 -83.242470, -602.289978 -667.177490 44.547745, 
-698.619934 -510.427490 70.080223, -632.405090 -355.468628 -50.371990, -611.721680 -364.712585 94.446854, -261.161194 -534.898132 540.940430, -729.102112 -674.398682 -45.482502, -452.220917 508.794922 694.536804, -549.014771 -504.479309 5.463984, -579.108643 -633.501282 -108.077698, -697.941650 -513.765198 -83.276024, -602.344482 -667.559387 44.426708, 
-698.730774 -510.663544 70.004539, -631.876465 -355.480469 -50.362606, -612.126221 -364.771942 94.549919, -261.161163 -534.898010 540.940430, -729.171692 -674.351074 -45.739094, -452.220917 508.794922 694.536804, -549.039185 -504.637207 6.073981, -579.043945 -633.146179 -108.107597, -697.784119 -513.527832 -83.275482, -602.537842 -667.946472 44.172760, 
-698.808716 -510.912201 69.895134, -631.382690 -355.493835 -50.406738, -612.497437 -364.775635 94.612183, -261.161194 -534.898010 540.940552, -729.201782 -674.193542 -45.924618, -452.220917 508.794922 694.536743, -549.074890 -504.786774 6.685524, -578.950317 -632.875305 -108.096611, -697.675293 -513.314148 -83.305489, -602.682800 -668.456970 43.906509, 
-698.810913 -511.091339 69.819443, -631.065247 -355.551605 -50.356857, -612.871643 -364.786987 94.733490, -261.161194 -534.898010 540.940430, -729.240845 -673.995117 -46.212311, -452.220917 508.794922 694.536682, -549.106323 -504.908569 7.124198, -578.838806 -632.464600 -108.037224, -697.655579 -513.145691 -83.343834, -603.001770 -668.844788 43.871883, 
-698.959351 -511.209503 69.699089, -630.721863 -355.581268 -50.320042, -613.202698 -364.804749 94.862366, -261.161224 -534.898071 540.940491, -729.208557 -673.959595 -46.608978, -452.220917 508.794922 694.536804, -549.158142 -504.962585 7.676383, -578.681580 -631.865967 -107.953796, -697.629944 -512.996643 -83.376221, -603.292419 -669.101379 43.904285, 
-699.090637 -511.328766 69.679771, -630.024841 -355.719055 -50.265388, -613.834534 -364.738342 95.106499, -261.161194 -534.898132 540.940430, -729.139343 -673.982422 -46.955456, -452.220917 508.794922 694.536804, -549.225342 -504.958527 8.435584, -578.350586 -631.133606 -107.908951, -697.565857 -512.869141 -83.349617, -603.429260 -669.145813 43.959389, 
-699.294189 -511.435303 69.545944, -629.424377 -355.858002 -50.312416, -614.392334 -364.609070 95.250854, -261.161194 -534.898010 540.940430, -729.091370 -673.905334 -47.149673, -452.220917 508.794922 694.536743, -549.350769 -504.904968 9.326474, -577.908325 -630.216919 -107.884575, -697.502747 -512.686829 -83.297234, -603.489075 -669.255737 43.839005, 
-699.519226 -511.619720 69.396400, -628.970276 -355.910187 -50.383625, -614.930786 -364.486877 95.287079, -261.161194 -534.898010 540.940430, -728.943115 -673.780090 -47.376831, -452.220917 508.794922 694.536804, -549.523132 -504.877686 10.377577, -577.478577 -628.990540 -108.024773, -697.522888 -512.503052 -83.236313, -603.472961 -669.545715 43.551003, 
-699.648621 -511.813354 69.326591, -628.613037 -356.002960 -50.539757, -615.644592 -364.336304 95.286156, -261.161194 -534.898071 540.940430, -728.812073 -673.641174 -47.678818, -452.220917 508.794922 694.536682, -549.648132 -504.914520 11.525597, -577.138306 -627.429138 -108.270317, -697.762451 -512.361450 -83.042908, -603.567383 -670.017456 43.045357, 
-699.873901 -512.024109 69.302025, -627.990784 -356.142944 -50.774841, -616.387329 -363.963470 95.043686, -261.161194 -534.898132 540.940491, -728.374878 -673.703857 -48.197338, -452.220917 508.794922 694.536804, -549.793335 -504.839020 12.721178, -576.510071 -625.838196 -108.476936, -698.037598 -512.203674 -82.830811, -603.680847 -670.243164 42.604862, 
-700.025818 -512.325195 69.296661, -627.135071 -356.544312 -51.133114, -617.367981 -363.677368 94.930763, -261.161194 -534.898071 540.940430, -727.947021 -673.769226 -48.631874, -452.220917 508.794922 694.536682, -549.891113 -504.775482 14.165228, -575.754700 -624.119019 -108.498337, -698.162109 -512.124207 -82.604485, -603.626221 -670.378601 42.261490, 
-700.358765 -512.563110 69.261749, -626.018433 -356.807190 -51.603168, -618.519531 -363.414154 94.582115, -261.161163 -534.898010 540.940430, -727.625000 -673.886292 -49.044472, -452.220917 508.794922 694.536743, -550.018066 -504.592072 15.852043, -575.100342 -622.333557 -108.233978, -698.339050 -511.984039 -82.353867, -603.748596 -670.571533 41.885765, 
-700.666382 -512.897583 69.216827, -624.184998 -356.982117 -52.297817, -619.851196 -363.084076 94.198647, -261.161224 -534.898071 540.940491, -727.314453 -673.909302 -49.440670, -452.220917 508.794922 694.536804, -550.500122 -504.557953 17.820719, -574.423523 -620.439148 -108.101631, -698.449036 -511.665192 -82.135155, -603.796997 -670.790527 41.427586, 
-701.040222 -513.045471 69.165237, -622.854370 -357.242859 -52.855011, -620.900696 -362.663269 93.813683, -261.161194 -534.897949 540.940552, -726.873596 -674.076782 -50.089500, -452.220917 508.794922 694.536743, -550.913452 -504.517700 19.532192, -573.665527 -618.268433 -107.896332, -698.686340 -511.357574 -81.925636, -603.697388 -671.207520 40.985794, 
-701.431763 -513.465332 68.955887, -621.164978 -357.754395 -53.415531, -622.270996 -362.259125 93.402023, -261.161163 -534.898010 540.940491, -726.514648 -674.169128 -50.647781, -452.220917 508.794922 694.536743, -551.320374 -504.644043 21.825483, -573.000427 -616.076843 -107.699753, -699.025452 -510.910583 -81.554359, -603.779236 -671.521118 40.707401, 
-701.877747 -514.207581 68.768707, -619.834656 -358.209503 -53.756973, -623.651062 -362.125824 93.019127, -261.161194 -534.898132 540.940430, -726.076843 -674.201416 -51.279068, -452.220917 508.794922 694.536804, -551.629639 -504.794281 24.019754, -572.302002 -613.772400 -107.511978, -699.159241 -510.540436 -81.192970, -603.685852 -671.869812 40.211002, 
-702.298340 -514.904541 68.576340, -618.402222 -358.773651 -54.243942, -624.776245 -361.820648 92.577492, -261.161194 -534.898010 540.940552, -725.450012 -674.312012 -52.241081, -452.220917 508.794922 694.536743, -552.061096 -504.970276 26.481726, -571.255798 -610.900085 -107.117256, -699.352844 -510.240173 -80.837097, -603.700500 -672.334351 39.767941, 
-702.802368 -515.438477 68.437767, -616.699341 -359.383911 -54.587944, -626.270020 -361.511841 92.155151, -261.161224 -534.897949 540.940430, -724.779724 -674.251770 -53.414917, -452.220917 508.794922 694.536804, -552.412842 -504.970734 29.018440, -570.250122 -607.990356 -106.471382, -699.671326 -509.726105 -80.556175, -603.648193 -672.782959 39.034679, 
-703.209839 -515.894653 68.307518, -615.239990 -359.712402 -54.630081, -627.766541 -361.102631 91.933937, -261.161194 -534.898010 540.940491, -724.034729 -674.370544 -54.539322, -452.220917 508.794922 694.536743, -552.771851 -504.821777 31.952774, -569.001343 -604.452698 -105.848534, -699.922852 -509.216888 -80.228622, -603.698181 -673.222534 38.221226, 
-703.727295 -516.724670 68.063095, -613.841858 -360.238342 -54.538792, -629.455383 -360.750580 91.689667, -261.161133 -534.898071 540.940552, -723.408142 -674.323730 -55.961983, -452.220917 508.794922 694.536804, -553.157593 -504.669373 35.517803, -568.087402 -600.437012 -105.153000, -700.318115 -508.661713 -79.626122, -603.729553 -673.688232 37.313049, 
-704.397766 -517.408386 67.830940, -612.338501 -360.673645 -54.290714, -630.925293 -360.311920 91.364334, -261.161255 -534.898071 540.940430, -722.714722 -674.459412 -57.402992, -452.220917 508.794922 694.536743, -553.541809 -504.753387 38.971260, -567.383667 -596.526550 -104.291611, -700.569031 -508.195282 -79.329689, -603.662354 -674.165649 36.297783, 
-705.199768 -518.355103 67.554588, -610.641724 -361.308472 -54.163845, -632.684448 -359.968506 90.780975, -261.161194 -534.898071 540.940491, -721.635010 -674.436646 -58.855728, -452.220917 508.794922 694.536682, -553.852600 -504.836456 42.250389, -566.596680 -593.017517 -103.506493, -700.767944 -507.663391 -78.781403, -603.355164 -674.726624 35.380142, 
-705.798767 -519.573364 67.257111, -609.395386 -361.545624 -54.144394, -634.422180 -359.797485 90.210617, -261.161194 -534.898010 540.940430, -720.568848 -674.613037 -60.077156, -452.220917 508.794922 694.536804, -554.256042 -504.573303 44.752357, -566.147522 -589.266357 -103.061531, -701.243896 -507.228424 -78.283546, -602.876160 -675.252686 34.113171, 
-706.184448 -520.751404 67.347458, -608.397095 -361.832184 -54.251553, -636.164062 -359.519592 89.472992, -261.161163 -534.898071 540.940430, -719.805054 -674.870728 -61.334339, -452.220917 508.794922 694.536804, -554.614563 -504.106140 46.879379, -565.803345 -585.983826 -102.365112, -702.043762 -506.782196 -77.715820, -602.501038 -675.618225 33.077179, 
-706.497803 -522.047729 67.246521, -606.896301 -361.994415 -54.292393, -638.233521 -359.386414 88.618950, -261.161194 -534.898010 540.940430, -718.828003 -674.914734 -62.834404, -452.220917 508.794922 694.536743, -554.994446 -503.502258 48.617298, -565.344360 -583.048828 -101.806374, -702.921753 -506.317169 -77.276924, -602.431641 -675.803528 32.229126, 
-706.757507 -523.544617 67.112732, -605.011963 -362.018250 -54.504978, -640.537903 -359.268982 87.670784, -261.161133 -534.898010 540.940430, -717.430115 -674.864441 -64.713753, -452.220917 508.794922 694.536743, -555.280884 -502.986511 50.142555, -565.007263 -580.278625 -101.116035, -703.729004 -505.504120 -76.678719, -602.462585 -676.158142 31.612335, 
-706.827454 -524.795776 66.962013, -603.373779 -361.933289 -54.431110, -642.522339 -359.082306 86.925667, -261.161194 -534.898071 540.940308, -716.326599 -674.738525 -66.484177, -452.220917 508.794922 694.536743, -555.608215 -502.340759 51.502522, -564.491028 -577.631653 -100.161613, -704.240906 -504.820404 -76.348640, -602.425964 -676.477295 31.028242, 
-707.145752 -526.202454 66.815033, -601.602966 -361.782623 -54.035389, -644.666870 -359.175049 86.470154, -261.161255 -534.898010 540.940430, -715.242188 -674.453979 -68.589523, -452.220917 508.794922 694.536743, -555.944519 -501.867798 52.910275, -564.405945 -575.453735 -99.293610, -704.755981 -503.734589 -75.980309, -603.078552 -676.841980 31.009476, 
-707.435486 -527.313721 66.766396, -599.976624 -361.742981 -53.743652, -646.708557 -358.819763 85.848572, -261.161133 -534.898010 540.940430, -714.227295 -674.417908 -70.365158, -452.220917 508.794922 694.536743, -556.164429 -501.132294 54.248936, -564.167114 -573.738159 -98.455132, -704.937256 -503.086670 -75.592529, -603.565796 -677.122559 30.893517, 
-707.560547 -528.473938 66.730469, -598.299011 -361.639954 -53.481419, -648.939575 -358.755280 85.054642, -261.161194 -534.898071 540.940491, -713.196594 -674.217041 -72.261620, -452.220917 508.794922 694.536682, -556.158203 -500.310394 55.587200, -563.897217 -572.003418 -97.477303, -705.095642 -502.430389 -75.332191, -604.042480 -677.352295 30.672253, 
-707.494995 -529.453918 66.503479, -596.331055 -361.195526 -52.985172, -650.794983 -358.924988 84.347954, -261.161194 -534.898132 540.940491, -712.282654 -673.928589 -73.966293, -452.220917 508.794922 694.536804, -556.064636 -499.602692 56.800804, -563.736389 -570.128784 -96.312347, -705.273865 -501.298340 -75.161263, -604.345032 -677.793335 30.294687, 
-707.426758 -530.443665 66.270309, -594.063843 -360.838165 -52.251831, -652.643799 -358.947418 83.621315, -261.161224 -534.898132 540.940430, -710.988586 -673.572693 -75.671570, -452.220917 508.794922 694.536743, -556.096863 -499.025909 57.925255, -563.431641 -568.136902 -95.344757, -705.529236 -499.923096 -74.997169, -604.638123 -678.132751 30.043982, 
-707.527405 -531.587891 66.047539, -591.650269 -360.516174 -51.369808, -654.398621 -359.034668 83.086479, -261.161163 -534.898010 540.940491, -709.432556 -673.339600 -77.499092, -452.220917 508.794922 694.536743, -556.152405 -498.408142 59.173100, -563.224121 -565.953979 -94.265274, -705.978943 -498.435608 -74.798744, -604.643921 -678.371460 29.589409, 
-707.658264 -532.716736 65.855080, -589.824219 -360.132843 -50.441730, -655.984192 -359.215973 82.474052, -261.161255 -534.898010 540.940552, -708.298218 -672.801208 -79.130737, -452.220917 508.794922 694.536743, -556.302673 -497.906586 60.423447, -563.196045 -563.707886 -93.225525, -706.473022 -497.272308 -74.815239, -604.611633 -678.562988 28.882084, 
-707.816528 -533.821838 65.565392, -587.903015 -360.078033 -49.891594, -657.377930 -359.075989 81.618362, -261.161224 -534.898071 540.940552, -707.356873 -672.368469 -80.592941, -452.220917 508.794922 694.536682, -556.407654 -497.549255 61.801544, -563.207214 -561.792419 -92.117767, -706.678345 -496.233795 -74.805176, -604.661377 -678.924438 28.255857, 
-707.947876 -534.622314 65.249031, -586.365540 -360.055298 -49.372356, -658.528381 -359.092438 81.040001, -261.161133 -534.898010 540.940430, -706.529358 -671.840698 -81.621887, -452.220917 508.794922 694.536743, -556.632263 -497.257782 63.025528, -563.381775 -560.038940 -91.183167, -706.906372 -495.458038 -74.720322, -604.411499 -679.137939 27.618189, 
-708.026978 -535.292053 64.997009, -585.461914 -359.961823 -48.827934, -659.466858 -359.124542 80.723328, -261.161194 -534.898010 540.940491, -705.855957 -671.255615 -82.493546, -452.220917 508.794922 694.536682, -556.790588 -497.001953 64.189613, -563.376526 -558.299500 -90.402016, -707.050720 -494.681000 -74.527092, -604.145447 -679.242737 27.074047, 
-708.111938 -536.057983 64.742500, -584.625061 -359.760681 -48.377079, -660.431641 -359.286865 80.427269, -261.161163 -534.898010 540.940430, -705.230591 -671.005310 -83.156586, -452.220917 508.794922 694.536682, -556.853271 -496.583862 65.156517, -563.460388 -556.523987 -89.420372, -707.264587 -493.868866 -74.409554, -603.755066 -679.318542 26.410496, 
-708.187012 -536.587830 64.649048, -583.562561 -359.616058 -47.911572, -661.269958 -359.345795 80.037071, -261.161255 -534.898071 540.940430, -704.517395 -670.621643 -83.971359, -452.220917 508.794922 694.536682, -556.874329 -496.225922 66.144585, -563.631409 -554.828796 -88.492378, -707.539795 -492.947540 -74.397408, -603.420288 -679.352173 25.712172, 
-708.311157 -537.148193 64.551758, -582.355408 -359.357544 -47.265491, -662.130615 -359.344727 79.749657, -261.161224 -534.898010 540.940430, -703.872925 -670.464478 -84.753273, -452.220917 508.794922 694.536743, -557.003113 -495.755371 66.944725, -563.692566 -553.453674 -87.793648, -707.831665 -492.019562 -74.246056, -603.308289 -679.406982 25.280294, 
-708.289062 -537.699951 64.317780, -581.430359 -359.101074 -46.511578, -663.195618 -359.332092 79.501526, -261.161194 -534.898010 540.940491, -703.147888 -670.123657 -85.447845, -452.220917 508.794922 694.536682, -557.039246 -495.381958 67.712738, -563.607666 -552.015869 -87.116417, -708.045532 -491.289551 -74.095070, -603.135376 -679.542847 24.631329, 
-708.383667 -538.256042 64.189606, -580.381470 -359.018005 -45.716549, -664.071411 -359.316711 79.225143, -261.161194 -534.898132 540.940491, -702.512085 -669.749023 -86.199158, -452.220917 508.794922 694.536682, -557.091125 -495.190643 68.310341, -563.585571 -550.877686 -86.647057, -708.062439 -490.500854 -74.044907, -603.029541 -679.725464 24.130899, 
-708.418152 -538.605469 63.863407, -578.863647 -358.811157 -44.634148, -665.236267 -359.388519 78.861443, -261.161194 -534.898010 540.940430, -702.188782 -669.465637 -86.702972, -452.220917 508.794922 694.536804, -557.300354 -495.188904 68.941124, -563.600891 -550.081848 -86.184036, -708.054077 -489.612366 -73.997116, -603.004395 -679.894470 23.874771, 
-708.606934 -539.083191 63.499554, -577.363708 -358.798157 -43.612965, -666.685120 -359.515167 78.275299, -261.161133 -534.898010 540.940430, -701.923279 -669.261841 -86.966522, -452.220917 508.794922 694.536743, -557.536804 -494.836670 69.667908, -563.583069 -549.465576 -85.777641, -708.031067 -488.806274 -74.207535, -602.926086 -679.943237 23.586094, 
-708.763855 -539.728699 63.157722, -575.608887 -359.017853 -42.540379, -668.165466 -359.541199 77.532227, -261.161224 -534.898010 540.940430, -701.495667 -669.175049 -87.383568, -452.220917 508.794922 694.536682, -557.739685 -494.358124 70.273743, -563.602844 -548.814392 -85.349419, -708.173462 -487.941315 -74.366516, -602.657959 -679.918945 23.344603, 
-708.917969 -540.449097 62.927788, -574.643494 -359.014160 -41.874672, -669.134583 -359.593750 76.984810, -261.161224 -534.898071 540.940430, -701.244141 -669.055298 -87.785393, -452.220917 508.794922 694.536743, -558.005737 -493.982849 70.690498, -563.705872 -548.418884 -84.978104, -708.290405 -487.345367 -74.586487, -602.231995 -679.857117 23.081455, 
-709.109253 -541.141357 62.723576, -573.702026 -358.969757 -41.187664, -669.958923 -359.668854 76.475136, -261.161163 -534.898071 540.940430, -701.097351 -668.956909 -87.960739, -452.220917 508.794922 694.536804, -558.311768 -493.765747 71.092102, -563.772827 -547.956299 -84.775093, -708.258484 -486.910370 -74.675621, -601.743530 -679.838501 22.777374, 
-709.383362 -541.574951 62.456547, -572.579773 -359.025146 -40.580547, -670.630920 -359.817535 76.066582, -261.161194 -534.898010 540.940430, -700.951111 -668.915771 -87.990631, -452.220917 508.794922 694.536682, -558.563416 -493.698853 71.478287, -563.827515 -547.665039 -84.530136, -708.215149 -486.279236 -74.805954, -601.508545 -679.846619 22.705282, 
-709.551941 -541.887146 62.132183, -571.919739 -358.976349 -39.860146, -671.122925 -359.981049 75.966194, -261.161194 -534.898071 540.940430, -700.832825 -668.902710 -88.042244, -452.220917 508.794922 694.536682, -558.807312 -493.911682 71.630745, -563.862671 -547.485474 -84.492958, -708.087036 -485.897156 -74.885330, -601.298401 -679.825134 22.573616, 
-709.705566 -542.246033 61.813129, -571.178162 -358.892303 -39.192120, -671.508118 -360.144531 75.781303, -261.161224 -534.898071 540.940430, -700.756714 -668.895935 -88.183998, -452.220917 508.794922 694.536743, -558.992859 -494.045227 71.777039, -563.923401 -547.284546 -84.433739, -708.039062 -485.430878 -75.025742, -601.146118 -679.819946 22.471941, 
-709.764465 -542.473389 61.712845, -570.333496 -358.847748 -38.527443, -671.762146 -360.153687 75.575317, -261.161194 -534.898010 540.940430, -700.706299 -668.821289 -88.304466, -452.220917 508.794922 694.536682, -559.187134 -494.250488 71.808548, -563.903931 -547.244446 -84.371880, -707.873840 -485.038971 -75.096138, -600.999268 -679.878540 22.346954, 
-709.840881 -542.642090 61.626076, -569.730469 -358.826233 -38.133808, -671.895203 -360.146210 75.491379, -261.161194 -534.898071 540.940430, -700.555237 -668.793152 -88.490471, -452.220917 508.794922 694.536804, -559.251526 -494.325195 71.854034, -563.902100 -547.152405 -84.337830, -707.794067 -484.654388 -75.086693, -600.961365 -679.887268 22.332481, 
-709.946716 -542.937012 61.521893, -569.123657 -359.041473 -37.716442, -672.131348 -360.107269 75.355637, -261.161163 -534.898071 540.940491, -700.448547 -668.702515 -88.688606, -452.220917 508.794922 694.536804, -559.362488 -494.397461 72.017517, -563.890686 -547.045288 -84.255379, -707.778625 -484.238068 -75.092674, -600.848877 -679.893066 22.230375, 
-710.082520 -543.001160 61.343796, -568.756958 -359.143707 -37.236645, -672.307190 -360.182983 75.358299, -261.161194 -534.898132 540.940430, -700.361145 -668.661377 -88.756920, -452.220917 508.794922 694.536804, -559.503967 -494.624512 72.158432, -563.924255 -546.931519 -84.188751, -707.813110 -483.987610 -75.165283, -600.873840 -679.881897 22.211601, 
-710.127869 -543.074951 61.128765, -568.415649 -359.166107 -36.900040, -672.438782 -360.212311 75.237831, -261.161194 -534.898010 540.940430, -700.329590 -668.600403 -88.816826, -452.220917 508.794922 694.536682, -559.593506 -494.798035 72.255257, -563.990845 -546.845642 -84.133774, -707.861633 -483.682556 -75.306183, -600.851624 -679.860657 22.193655, 
-710.135071 -543.114319 61.123817, -568.186279 -359.167114 -36.805042, -672.519165 -360.231812 75.144875, -261.161194 -534.898071 540.940430, -700.306824 -668.511597 -88.788300, -452.220917 508.794922 694.536804, -559.646912 -494.823151 72.273041, -564.005127 -546.693787 -84.125290, -707.867737 -483.520508 -75.346626, -600.756653 -679.849915 22.084152, 
-710.223755 -543.309753 61.113213, -567.911804 -359.254517 -36.742081, -672.581543 -360.232635 74.930824, -261.161163 -534.898071 540.940430, -700.277161 -668.501404 -88.839104, -452.220917 508.794922 694.536804, -559.695007 -494.836395 72.292923, -564.032410 -546.655945 -84.135033, -707.863037 -483.433411 -75.373589, -600.660950 -679.781189 22.033503, 
-710.283081 -543.427917 61.068619, -567.873962 -359.273132 -36.746510, -672.671082 -360.259064 74.861717, -261.161163 -534.898010 540.940430, -700.240845 -668.478210 -88.874054, -452.220917 508.794922 694.536804, -559.747681 -494.770142 72.314148, -564.050903 -546.640564 -84.146744, -707.901367 -483.385773 -75.370445, -600.661011 -679.781067 22.033503, 
-710.333435 -543.531982 60.995857, -567.873962 -359.273132 -36.746510, -672.720520 -360.315918 74.815399, -261.161194 -534.898132 540.940430, -700.191528 -668.510010 -88.932480, -452.220917 508.794922 694.536804, -559.787842 -494.768555 72.354813, -564.110596 -546.593994 -84.155586, -707.949036 -483.369904 -75.373375, -600.632324 -679.784119 21.987623, 
-710.370544 -543.547668 60.939922, -567.832825 -359.283020 -36.747543, -672.722046 -360.306519 74.778008, -261.161194 -534.898071 540.940430, -700.163757 -668.531555 -88.953606, -452.220917 508.794922 694.536682, -559.836182 -494.800232 72.403275, -564.137512 -546.533447 -84.134308, -707.987122 -483.343170 -75.369537, -600.632324 -679.784119 21.987623, 
-710.370544 -543.547791 60.939922, -567.796143 -359.282379 -36.752735, -672.719360 -360.306763 74.744415, -261.161194 -534.898010 540.940430, -700.163818 -668.531494 -88.953606, -452.220917 508.794922 694.536682, -559.836182 -494.800232 72.403275, -564.160583 -546.530701 -84.129677, -708.005188 -483.327637 -75.371674, -600.632263 -679.784058 21.987623, 
-710.370544 -543.547791 60.939922, -567.796143 -359.282379 -36.752739, -672.719360 -360.306763 74.744423, -261.161163 -534.898010 540.940491, -700.163879 -668.531494 -88.953598, -452.220917 508.794922 694.536682, -559.836182 -494.800232 72.403275, -564.160706 -546.530762 -84.129684, -708.005188 -483.327637 -75.371674, -600.632324 -679.784119 21.987623, 
