346.000000 -595.000000 -576.000000, -443.000000 -356.000000 -37.000000, 390.000000 -544.000000 -663.000000, 339.000000 -557.000000 -675.000000, -400.000000 -313.000000 -35.000000, 340.000000 -495.000000 -674.000000, 583.000000 -363.000000 -608.000000, 33.000000 399.000000 256.000000, -529.000000 817.000000 446.000000, -733.000000 551.000000 435.000000, 
407.411621 -555.332947 -526.865295, -476.778595 -337.424774 -100.878731, 477.339996 -544.471802 -654.867676, 341.807404 -579.586304 -693.416870, -375.737457 -236.789154 -95.872749, 366.359436 -422.246063 -639.353394, 521.710632 -426.346985 -592.932678, -82.482346 488.457642 348.823212, -580.787903 734.951416 343.368652, -653.459961 622.288574 338.809265, 
415.700378 -548.188110 -524.161194, -463.469666 -324.041138 -100.157013, 501.784454 -550.308533 -663.587463, 357.721893 -567.147644 -683.322998, -366.651367 -227.798431 -95.451248, 373.930298 -415.831238 -632.183472, 519.744934 -423.931641 -587.468628, -82.707359 488.678345 349.011139, -587.325867 739.788757 342.981171, -647.391296 618.691467 338.843384, 
420.523346 -546.990723 -523.915588, -456.184784 -316.407837 -99.980232, 513.116455 -548.701782 -665.461182, 365.304199 -560.117554 -678.112122, -360.733307 -222.157043 -95.054306, 377.629333 -413.173279 -630.164978, 520.026123 -421.622711 -584.794312, -82.707359 488.678375 349.011169, -594.227234 744.088074 342.732758, -640.104614 614.877563 339.114746, 
423.556702 -547.286926 -523.962341, -452.141998 -311.732513 -99.905182, 518.147949 -546.357971 -666.440979, 369.481445 -556.836914 -676.134338, -356.791412 -218.765976 -94.752884, 379.235687 -411.597839 -628.913269, 520.251526 -420.003418 -582.771179, -82.707344 488.678375 349.011169, -600.490967 747.009766 342.409668, -633.632812 612.347534 339.452576, 
425.594757 -547.953552 -524.109741, -450.040039 -308.443542 -99.937576, 520.399841 -544.228271 -667.376099, 371.633545 -555.196655 -675.344543, -353.867706 -216.929276 -94.475517, 379.839600 -410.777100 -627.851440, 520.270691 -419.004089 -581.097473, -82.707344 488.678375 349.011139, -605.579346 748.710449 342.031097, -628.445679 610.935242 339.839569, 
427.028748 -548.720642 -524.306946, -449.406128 -305.635925 -100.083466, 521.478943 -542.135498 -668.429443, 372.763123 -554.502258 -675.030945, -351.296234 -216.415604 -94.169937, 380.038330 -410.504883 -626.991394, 520.182678 -418.444885 -579.502197, -82.707359 488.678345 349.011169, -609.404602 749.608765 341.676971, -624.578735 610.239258 340.197723, 
428.195648 -549.599976 -524.636169, -450.168610 -302.429810 -100.266418, 521.984436 -540.078979 -669.580200, 373.366913 -554.211731 -674.874695, -348.359161 -217.331497 -93.866890, 379.901062 -410.431488 -626.139099, 519.973816 -418.148651 -577.990662, -82.707359 488.678375 349.011169, -612.084167 749.977783 341.437134, -621.893860 609.865234 340.438019, 
429.217285 -550.565369 -524.962769, -452.406250 -298.224152 -100.342369, 522.182922 -538.094055 -670.780090, 373.615601 -554.117310 -674.734863, -344.653381 -220.003815 -93.695404, 379.734650 -410.510284 -625.377808, 519.695374 -418.075806 -576.406555, -82.707352 488.678345 349.011169, -613.882324 750.137329 341.227112, -620.092102 609.699707 340.648407, 
430.086487 -551.390503 -525.297363, -455.857727 -292.617401 -100.327995, 522.283813 -536.088806 -671.940979, 373.706512 -554.085815 -674.598877, -340.144012 -224.604019 -93.637840, 379.594574 -410.547791 -624.796021, 519.407532 -418.152222 -574.712708, -82.707359 488.678345 349.011169, -615.111633 750.168335 341.067017, -618.862305 609.588440 340.808685, 
430.911957 -552.243347 -525.649597, -459.769409 -286.008972 -100.031525, 522.269958 -534.028320 -673.074036, 373.720184 -554.124390 -674.488892, -335.671204 -230.716782 -93.892120, 379.432526 -410.648621 -624.209656, 519.135559 -418.313293 -572.928650, -82.707359 488.678375 349.011169, -615.935974 750.231079 340.951843, -618.034241 609.591675 340.924286, 
431.527405 -553.000305 -525.987793, -463.003601 -279.308807 -99.643051, 522.277100 -531.950989 -674.107788, 373.701141 -554.200562 -674.394104, -332.086090 -237.159897 -94.256470, 379.320740 -410.728119 -623.720520, 518.838257 -418.647736 -570.965942, -82.707344 488.678345 349.011169, -616.474487 750.207336 340.861389, -617.495056 609.545105 341.014954, 
432.197418 -553.716736 -526.394287, -465.135773 -273.423889 -99.217522, 522.276062 -529.669006 -675.225952, 373.716888 -554.320312 -674.310913, -329.712433 -242.911697 -94.667732, 379.213013 -410.769257 -623.370789, 518.505188 -419.022614 -568.876099, -82.707344 488.678375 349.011169, -616.830872 750.191284 340.795807, -617.137695 609.521851 341.080841, 
432.748840 -554.406311 -526.778931, -466.360291 -268.856964 -98.880829, 522.298401 -527.285400 -676.221252, 373.810852 -554.498962 -674.203064, -328.422791 -247.428345 -94.999451, 379.069885 -410.828583 -623.064514, 518.096069 -419.441193 -566.621399, -82.707352 488.678345 349.011139, -616.991211 750.144775 340.712860, -616.976562 609.473938 341.164429, 
433.271820 -555.136475 -527.170837, -467.031128 -265.483215 -98.581482, 522.343933 -524.721130 -677.239380, 373.938843 -554.696899 -674.113342, -327.797058 -250.781616 -95.297554, 378.934692 -410.900635 -622.826416, 517.580994 -420.081635 -564.074585, -82.707352 488.678375 349.011169, -617.142029 750.154663 340.639893, -616.824951 609.483765 341.237732, 
433.718903 -555.968323 -527.653687, -467.283386 -263.184235 -98.415306, 522.408508 -521.909729 -678.136597, 374.075287 -554.922974 -674.058716, -327.442383 -253.054794 -95.460205, 378.732452 -411.003906 -622.496216, 516.972473 -420.791992 -561.303894, -82.707359 488.678375 349.011139, -617.224609 750.181274 340.638336, -616.742126 609.510681 341.239136, 
434.144073 -556.836121 -528.189331, -467.376038 -261.644897 -98.304649, 522.503296 -519.176575 -678.861816, 374.382904 -555.170898 -674.094543, -327.258118 -254.579544 -95.568352, 378.504974 -411.110260 -622.198914, 516.359924 -421.506989 -558.657776, -82.707352 488.678375 349.011139, -617.275024 750.177612 340.650330, -616.691711 609.507324 341.227112, 
434.626801 -557.721924 -528.719116, -467.387573 -260.625305 -98.226913, 522.592041 -516.425232 -679.543823, 374.830322 -555.463562 -674.161743, -327.141754 -255.590149 -95.643761, 378.213959 -411.262939 -621.763794, 515.786377 -422.235382 -556.240967, -82.707344 488.678436 349.011139, -617.313416 750.158691 340.671204, -616.652710 609.488403 341.206299, 
435.115997 -558.543884 -529.251587, -467.362457 -259.955780 -98.181686, 522.714722 -513.837036 -680.074341, 375.276611 -555.742737 -674.256531, -327.057495 -256.254364 -95.686874, 377.851898 -411.492950 -621.198303, 515.259155 -422.886292 -554.088135, -82.707344 488.678436 349.011139, -617.336548 750.145142 340.679749, -616.629333 609.474976 341.197815, 
435.641235 -559.318481 -529.792236, -467.350616 -259.532562 -98.129234, 522.779724 -511.449707 -680.525879, 375.717926 -555.979431 -674.443970, -327.017487 -256.675659 -95.738335, 377.454803 -411.739319 -620.684509, 514.725708 -423.485809 -552.181335, -82.707352 488.678436 349.011139, -617.357239 750.143066 340.689331, -616.608582 609.473022 341.188202, 
436.229492 -560.028870 -530.310303, -467.343109 -259.222992 -98.082657, 522.794128 -509.290558 -680.986816, 376.182739 -556.180115 -674.621155, -326.994049 -256.984406 -95.784348, 377.035065 -411.975281 -620.095459, 514.295288 -424.005493 -550.693848, -82.707352 488.678345 349.011169, -617.372559 750.141602 340.706604, -616.593201 609.471558 341.170746, 
436.825073 -560.732300 -530.801392, -467.336243 -259.007111 -98.053185, 522.810486 -507.409241 -681.299377, 376.624542 -556.324341 -674.812988, -326.978424 -257.199646 -95.813423, 376.617401 -412.220428 -619.457336, 513.875366 -424.434998 -549.402283, -82.707352 488.678375 349.011169, -617.385620 750.141602 340.718658, -616.580078 609.471558 341.158691, 
437.332764 -561.305786 -531.243286, -467.339447 -258.855988 -98.035561, 522.790039 -505.804474 -681.565491, 377.001862 -556.435059 -675.022095, -326.976654 -257.350769 -95.831070, 376.208649 -412.429260 -618.888367, 513.499023 -424.778870 -548.411072, -82.707352 488.678345 349.011169, -617.390076 750.143005 340.722168, -616.575439 609.473022 341.155060, 
437.844696 -561.783569 -531.673706, -467.346832 -258.730316 -98.023727, 522.715393 -504.378235 -681.852173, 377.326080 -556.455261 -675.250244, -326.980591 -257.476440 -95.843071, 375.821106 -412.622833 -618.313904, 513.288513 -425.009338 -547.703064, -82.707352 488.678375 349.011169, -617.389587 750.143066 340.724457, -616.575928 609.473022 341.152832, 
438.346313 -562.246033 -532.052856, -467.352173 -258.637268 -98.009216, 522.686646 -503.151062 -682.041199, 377.676941 -556.464294 -675.458923, -326.983612 -257.569580 -95.857689, 375.470947 -412.775513 -617.718689, 513.071350 -425.196381 -547.133911, -82.707359 488.678375 349.011169, -617.389648 750.143005 340.724487, -616.576050 609.472961 341.152863, 
438.833282 -562.613892 -532.361633, -467.357727 -258.573730 -98.000420, 522.607971 -502.103943 -682.251221, 377.934357 -556.460815 -675.576233, -326.987915 -257.633057 -95.866638, 375.154785 -412.944580 -617.119263, 512.931763 -425.324310 -546.651550, -82.707352 488.678345 349.011169, -617.389648 750.143005 340.724487, -616.576111 609.472900 341.152863, 
439.256073 -562.942078 -532.614075, -467.351685 -258.526855 -98.006279, 522.535217 -501.190155 -682.427917, 378.163269 -556.452942 -675.681396, -326.981293 -257.679810 -95.860588, 374.876923 -413.093475 -616.581482, 512.805481 -425.464508 -546.271545, -82.707359 488.678375 349.011139, -617.389587 750.143005 340.724487, -616.575989 609.472900 341.152893, 
439.628571 -563.210938 -532.832886, -467.356110 -258.496613 -98.005211, 522.453918 -500.465851 -682.569153, 378.324554 -556.436340 -675.771423, -326.985291 -257.710144 -95.861778, 374.662964 -413.234589 -616.125000, 512.792419 -425.564697 -546.004211, -82.707359 488.678436 349.011139, -617.389587 750.143005 340.724457, -616.576050 609.473022 341.152893, 
439.927917 -563.438416 -532.994507, -467.364105 -258.473480 -97.994537, 522.394043 -499.891846 -682.689209, 378.472961 -556.417114 -675.839294, -326.992767 -257.733337 -95.872696, 374.492889 -413.354797 -615.713684, 512.759338 -425.634308 -545.803894, -82.707352 488.678436 349.011108, -617.389709 750.143066 340.724487, -616.576050 609.472961 341.152893, 
440.205872 -563.633789 -533.131165, -467.367767 -258.464020 -97.988182, 522.316589 -499.397766 -682.796204, 378.565491 -556.403992 -675.906128, -326.996094 -257.742767 -95.879135, 374.323364 -413.486145 -615.327209, 512.745178 -425.718994 -545.641602, -82.707352 488.678436 349.011169, -617.389587 750.142883 340.724396, -616.576050 609.473022 341.152832, 
440.471649 -563.803406 -533.274292, -467.367126 -258.458893 -97.987411, 522.228271 -498.910492 -682.913879, 378.645050 -556.427429 -675.926636, -326.995392 -257.747864 -95.879883, 374.163116 -413.599640 -615.021790, 512.729370 -425.791138 -545.478027, -82.707344 488.678345 349.011139, -617.389587 750.143005 340.724396, -616.576050 609.473022 341.152863, 
440.720520 -563.956726 -533.367004, -467.367767 -258.457947 -97.987633, 522.163635 -498.501068 -682.989319, 378.722778 -556.456543 -675.925964, -326.996063 -257.748871 -95.879684, 374.004639 -413.723083 -614.737366, 512.700134 -425.834747 -545.354126, -82.707352 488.678375 349.011108, -617.389587 750.143066 340.724487, -616.576050 609.473022 341.152893, 
440.909668 -564.065796 -533.438293, -467.367798 -258.455933 -97.989006, 522.094482 -498.152344 -683.045471, 378.786072 -556.476624 -675.937439, -326.996033 -257.750946 -95.878319, 373.869934 -413.814362 -614.476562, 512.674988 -425.863525 -545.249756, -82.707344 488.678436 349.011169, -617.389587 750.143005 340.724457, -616.575928 609.472900 341.152863, 
441.102600 -564.180664 -533.490967, -467.367767 -258.453461 -97.989166, 522.031311 -497.876312 -683.101501, 378.832703 -556.464966 -675.939026, -326.996063 -257.753357 -95.878151, 373.767334 -413.906128 -614.221008, 512.682251 -425.883514 -545.176941, -82.707352 488.678375 349.011169, -617.389587 750.143066 340.724396, -616.576050 609.473022 341.152832, 
441.331451 -564.303589 -533.554321, -467.367828 -258.451355 -97.990517, 521.985718 -497.652924 -683.155518, 378.866058 -556.448914 -675.931763, -326.996155 -257.755432 -95.876808, 373.693970 -413.996002 -613.959778, 512.709595 -425.884674 -545.126282, -82.707352 488.678345 349.011169, -617.389648 750.142883 340.724396, -616.576050 609.473022 341.152832, 
441.517883 -564.370667 -533.586304, -467.369202 -258.449646 -97.990845, 521.943665 -497.467468 -683.194336, 378.886932 -556.437256 -675.912537, -326.997467 -257.757111 -95.876518, 373.610565 -414.076965 -613.739807, 512.731384 -425.875122 -545.081177, -82.707352 488.678375 349.011169, -617.389709 750.143127 340.724457, -616.575989 609.473083 341.152893, 
441.688751 -564.461121 -533.629700, -467.369202 -258.448303 -97.991966, 521.898743 -497.318634 -683.225647, 378.890015 -556.421387 -675.886658, -326.997498 -257.758514 -95.875404, 373.519867 -414.145996 -613.536072, 512.755127 -425.856567 -545.099426, -82.707359 488.678375 349.011139, -617.389709 750.143066 340.724457, -616.575989 609.473022 341.152863, 
441.836914 -564.535522 -533.658020, -467.368469 -258.447540 -97.992325, 521.862732 -497.202393 -683.261108, 378.904480 -556.403320 -675.891785, -326.996765 -257.759247 -95.875023, 373.457428 -414.212585 -613.360657, 512.761292 -425.838867 -545.106262, -82.707359 488.678375 349.011169, -617.389648 750.143066 340.724457, -616.576050 609.473083 341.152832, 
441.972931 -564.579285 -533.708252, -467.367798 -258.446594 -97.992744, 521.813171 -497.058350 -683.321838, 378.907410 -556.395447 -675.889343, -326.996094 -257.760223 -95.874573, 373.406891 -414.248444 -613.225281, 512.786682 -425.828064 -545.107361, -82.707344 488.678436 349.011108, -617.389587 750.143005 340.724396, -616.575928 609.472900 341.152893, 
442.086456 -564.637329 -533.754700, -467.367798 -258.446594 -97.992744, 521.787842 -496.955383 -683.366699, 378.898987 -556.383545 -675.869019, -326.996124 -257.760162 -95.874580, 373.384430 -414.274750 -613.136169, 512.788452 -425.827637 -545.095154, -82.707344 488.678375 349.011169, -617.389526 750.143005 340.724457, -616.575989 609.473083 341.152893, 
442.204865 -564.699036 -533.793152, -467.367767 -258.446594 -97.992744, 521.761230 -496.872284 -683.404541, 378.899567 -556.364502 -675.851196, -326.996124 -257.760284 -95.874588, 373.355347 -414.303802 -613.021667, 512.790833 -425.827057 -545.081726, -82.707359 488.678436 349.011139, -617.389648 750.143005 340.724396, -616.575989 609.472961 341.152863, 
442.308014 -564.744202 -533.843445, -467.367798 -258.446594 -97.992737, 521.730835 -496.755585 -683.450378, 378.913208 -556.363708 -675.855591, -326.996094 -257.760223 -95.874588, 373.308014 -414.336273 -612.906616, 512.805542 -425.831421 -545.082458, -82.707344 488.678436 349.011139, -617.389587 750.143066 340.724457, -616.575989 609.473022 341.152863, 
442.396606 -564.784241 -533.868958, -467.367767 -258.446533 -97.992744, 521.709167 -496.666870 -683.473877, 378.926727 -556.353455 -675.854492, -326.996094 -257.760223 -95.874580, 373.268188 -414.369934 -612.806335, 512.813599 -425.826050 -545.078979, -82.707344 488.678345 349.011169, -617.389648 750.143066 340.724487, -616.576050 609.473083 341.152832, 
442.459747 -564.806030 -533.885925, -467.367767 -258.446533 -97.992744, 521.688110 -496.603638 -683.493042, 378.935364 -556.351440 -675.851440, -326.996094 -257.760223 -95.874580, 373.242004 -414.388489 -612.736877, 512.827637 -425.809479 -545.088745, -82.707344 488.678375 349.011169, -617.389709 750.143005 340.724396, -616.575928 609.472961 341.152832, 
442.503693 -564.825195 -533.900818, -467.367767 -258.446594 -97.992744, 521.675171 -496.556580 -683.510559, 378.927795 -556.333069 -675.844910, -326.996094 -257.760193 -95.874580, 373.222046 -414.397919 -612.677734, 512.824951 -425.800568 -545.096619, -82.707344 488.678375 349.011139, -617.389648 750.143066 340.724457, -616.575989 609.473022 341.152832, 
442.553497 -564.848328 -533.914185, -467.367767 -258.446533 -97.992737, 521.651001 -496.518585 -683.525879, 378.913300 -556.328979 -675.832581, -326.996094 -257.760284 -95.874580, 373.196777 -414.415375 -612.627197, 512.826111 -425.797272 -545.098206, -82.707352 488.678375 349.011139, -617.389709 750.143066 340.724457, -616.576050 609.473022 341.152863, 
442.598297 -564.863892 -533.926514, -467.367737 -258.446625 -97.992744, 521.633850 -496.492462 -683.543091, 378.907288 -556.322021 -675.827576, -326.996094 -257.760162 -95.874580, 373.182343 -414.428070 -612.584473, 512.832886 -425.793121 -545.099731, -82.707352 488.678436 349.011139, -617.389587 750.143066 340.724518, -616.576050 609.472961 341.152893, 
442.661133 -564.881775 -533.941101, -467.367767 -258.446594 -97.992744, 521.622864 -496.459869 -683.575500, 378.908905 -556.323181 -675.812561, -326.996094 -257.760193 -95.874580, 373.176605 -414.439026 -612.557617, 512.838135 -425.795746 -545.105042, -82.707344 488.678436 349.011169, -617.389587 750.143066 340.724518, -616.576111 609.472839 341.152863, 
442.712372 -564.898315 -533.959900, -467.367767 -258.446594 -97.992744, 521.606079 -496.427185 -683.606140, 378.897308 -556.329407 -675.797180, -326.996155 -257.760223 -95.874580, 373.168091 -414.450958 -612.529785, 512.830200 -425.787842 -545.108398, -82.707359 488.678375 349.011169, -617.389648 750.143066 340.724457, -616.576050 609.472900 341.152893, 
442.763580 -564.905579 -533.965576, -467.367798 -258.446594 -97.992744, 521.587158 -496.399292 -683.627075, 378.888611 -556.340332 -675.778381, -326.996124 -257.760193 -95.874580, 373.158264 -414.461182 -612.505981, 512.828064 -425.781769 -545.109253, -82.707344 488.678345 349.011139, -617.389587 750.143066 340.724396, -616.576050 609.472900 341.152893, 
442.795837 -564.908020 -533.963745, -467.367767 -258.446533 -97.992737, 521.579041 -496.379364 -683.631897, 378.890442 -556.348694 -675.763184, -326.996155 -257.760193 -95.874580, 373.150024 -414.471558 -612.491394, 512.824829 -425.766083 -545.105103, -82.707352 488.678375 349.011139, -617.389587 750.143066 340.724457, -616.576050 609.473022 341.152832, 
442.837952 -564.912231 -533.966919, -467.367798 -258.446564 -97.992744, 521.576416 -496.358276 -683.639221, 378.885956 -556.349609 -675.744385, -326.996033 -257.760223 -95.874580, 373.138153 -414.479156 -612.487000, 512.818604 -425.747986 -545.112244, -82.707359 488.678467 349.011169, -617.389587 750.143066 340.724457, -616.575928 609.473083 341.152832, 
442.870392 -564.919250 -533.971191, -467.367767 -258.446533 -97.992744, 521.569275 -496.340668 -683.648621, 378.881897 -556.358704 -675.730591, -326.996124 -257.760254 -95.874580, 373.124786 -414.488342 -612.475708, 512.804810 -425.739136 -545.116516, -82.707352 488.678375 349.011169, -617.389587 750.143005 340.724487, -616.575989 609.472961 341.152771, 
442.903992 -564.932068 -533.975586, -467.367767 -258.446533 -97.992744, 521.559814 -496.323853 -683.658142, 378.874390 -556.360413 -675.715088, -326.996124 -257.760223 -95.874603, 373.110016 -414.494965 -612.470398, 512.786133 -425.729187 -545.122375, -82.707359 488.678345 349.011108, -617.389709 750.143127 340.724487, -616.576050 609.472961 341.152863, 
442.940704 -564.935913 -533.980957, -467.367767 -258.446594 -97.992744, 521.557495 -496.312042 -683.669128, 378.871765 -556.367981 -675.703613, -326.996155 -257.760254 -95.874580, 373.101501 -414.508392 -612.464294, 512.777100 -425.714783 -545.125793, -82.707352 488.678375 349.011169, -617.389587 750.143005 340.724487, -616.576050 609.472961 341.152863, 
442.977722 -564.941956 -533.991638, -467.367767 -258.446503 -97.992744, 521.549866 -496.286591 -683.680298, 378.867432 -556.377258 -675.691040, -326.996094 -257.760223 -95.874580, 373.092865 -414.517212 -612.448242, 512.770813 -425.703949 -545.121582, -82.707352 488.678345 349.011169, -617.389771 750.143005 340.724518, -616.576050 609.473022 341.152863, 
443.010681 -564.945068 -533.994629, -467.367767 -258.446533 -97.992752, 521.535339 -496.264130 -683.696411, 378.862671 -556.384399 -675.671692, -326.996094 -257.760193 -95.874580, 373.082855 -414.523407 -612.427673, 512.769653 -425.700165 -545.120544, -82.707359 488.678375 349.011169, -617.389587 750.143005 340.724396, -616.576050 609.473022 341.152893, 
443.055603 -564.949768 -534.007935, -467.367767 -258.446533 -97.992744, 521.523560 -496.243774 -683.713562, 378.856293 -556.389526 -675.664307, -326.996124 -257.760223 -95.874580, 373.077393 -414.531036 -612.408569, 512.770325 -425.682343 -545.126038, -82.707359 488.678345 349.011169, -617.389709 750.143005 340.724457, -616.575989 609.473022 341.152863, 
443.080750 -564.951660 -534.013428, -467.367767 -258.446594 -97.992744, 521.511230 -496.219604 -683.727173, 378.853912 -556.389038 -675.655701, -326.996155 -257.760193 -95.874580, 373.064117 -414.536530 -612.391846, 512.770630 -425.677460 -545.126709, -82.707344 488.678436 349.011169, -617.389709 750.143005 340.724396, -616.576050 609.473022 341.152863, 
443.098572 -564.956848 -534.020569, -467.367767 -258.446533 -97.992744, 521.499451 -496.197662 -683.736755, 378.853333 -556.390686 -675.657959, -326.996033 -257.760223 -95.874580, 373.049957 -414.545135 -612.375488, 512.769165 -425.672607 -545.130310, -82.707344 488.678345 349.011169, -617.389709 750.143005 340.724457, -616.576050 609.472961 341.152832, 
443.122437 -564.957947 -534.027710, -467.367767 -258.446533 -97.992744, 521.494263 -496.184387 -683.745850, 378.844849 -556.389709 -675.654602, -326.996063 -257.760284 -95.874580, 373.035767 -414.556335 -612.356079, 512.763184 -425.660126 -545.138000, -82.707352 488.678436 349.011169, -617.389648 750.143005 340.724457, -616.575867 609.472900 341.152863, 
443.150238 -564.965942 -534.036072, -467.367767 -258.446533 -97.992744, 521.482422 -496.164032 -683.756714, 378.843750 -556.392822 -675.653320, -326.996094 -257.760254 -95.874580, 373.023804 -414.566895 -612.330933, 512.760742 -425.647186 -545.143066, -82.707344 488.678436 349.011169, -617.389709 750.143066 340.724457, -616.575989 609.473022 341.152863, 
443.182617 -564.972839 -534.049011, -467.367767 -258.446594 -97.992744, 521.481689 -496.143982 -683.769653, 378.840729 -556.392029 -675.645020, -326.996124 -257.760193 -95.874580, 373.013123 -414.577057 -612.312500, 512.757935 -425.640869 -545.145203, -82.707359 488.678375 349.011169, -617.389648 750.143127 340.724457, -616.576050 609.472900 341.152832, 
443.213745 -564.981567 -534.057434, -467.367767 -258.446594 -97.992744, 521.476440 -496.115326 -683.776306, 378.839294 -556.392639 -675.635864, -326.996124 -257.760162 -95.874580, 372.995575 -414.593536 -612.291626, 512.762146 -425.636200 -545.143494, -82.707344 488.678375 349.011139, -617.389709 750.143127 340.724457, -616.576050 609.473022 341.152771, 
443.237793 -564.990601 -534.061279, -467.367767 -258.446594 -97.992744, 521.476257 -496.096558 -683.784790, 378.844299 -556.396057 -675.625610, -326.996033 -257.760223 -95.874580, 372.987183 -414.603821 -612.283142, 512.753906 -425.629425 -545.145203, -82.707344 488.678436 349.011108, -617.389587 750.143005 340.724487, -616.576050 609.472900 341.152893, 
443.256317 -564.993347 -534.065308, -467.367767 -258.446594 -97.992744, 521.482056 -496.082245 -683.787903, 378.852417 -556.401917 -675.621582, -326.996094 -257.760223 -95.874588, 372.985474 -414.609009 -612.281128, 512.746277 -425.619598 -545.144287, -82.707344 488.678436 349.011108, -617.389709 750.143066 340.724457, -616.576050 609.473083 341.152893, 
443.264374 -564.994141 -534.066345, -467.367767 -258.446594 -97.992744, 521.482910 -496.074951 -683.785645, 378.858154 -556.407166 -675.623962, -326.996094 -257.760223 -95.874588, 372.980988 -414.616150 -612.277832, 512.742615 -425.612457 -545.140198, -82.707352 488.678375 349.011108, -617.389709 750.143066 340.724396, -616.576050 609.473022 341.152832, 
443.268555 -564.994141 -534.066284, -467.367767 -258.446533 -97.992744, 521.482849 -496.061554 -683.783691, 378.866669 -556.409851 -675.624634, -326.996124 -257.760193 -95.874580, 372.971558 -414.621521 -612.271118, 512.739929 -425.605652 -545.140747, -82.707352 488.678375 349.011169, -617.389587 750.143066 340.724457, -616.576050 609.473022 341.152771, 
443.271240 -564.995667 -534.070679, -467.367767 -258.446594 -97.992744, 521.483032 -496.044373 -683.783142, 378.867371 -556.411133 -675.627441, -326.996094 -257.760223 -95.874580, 372.967224 -414.625671 -612.269348, 512.736511 -425.608459 -545.129395, -82.707344 488.678436 349.011139, -617.389709 750.143005 340.724457, -616.576111 609.473083 341.152832, 
443.277039 -564.996826 -534.072998, -467.367767 -258.446533 -97.992744, 521.485168 -496.029602 -683.784180, 378.875946 -556.414246 -675.630676, -326.996124 -257.760162 -95.874580, 372.964630 -414.628357 -612.267273, 512.735718 -425.610107 -545.126099, -82.707344 488.678375 349.011169, -617.389587 750.143005 340.724396, -616.576050 609.472900 341.152832, 
443.277039 -564.996887 -534.073059, -467.367767 -258.446625 -97.992744, 521.489746 -496.019684 -683.780457, 378.882721 -556.416748 -675.633972, -326.996094 -257.760193 -95.874580, 372.963531 -414.630219 -612.267456, 512.732361 -425.612274 -545.117676, -82.707352 488.678375 349.011169, -617.389587 750.143066 340.724396, -616.576050 609.473022 341.152832, 
443.279724 -564.999329 -534.078003, -467.367767 -258.446533 -97.992737, 521.492371 -496.008087 -683.781372, 378.890137 -556.426697 -675.633728, -326.996094 -257.760193 -95.874580, 372.960724 -414.633911 -612.272644, 512.730713 -425.614136 -545.114380, -82.707352 488.678436 349.011139, -617.389587 750.143066 340.724457, -616.575928 609.473083 341.152863, 
443.281250 -565.001038 -534.077820, -467.367767 -258.446594 -97.992744, 521.492432 -496.008087 -683.781372, 378.890137 -556.426514 -675.633728, -326.996124 -257.760223 -95.874580, 372.960724 -414.635590 -612.270996, 512.730774 -425.614136 -545.114380, -82.707359 488.678345 349.011169, -617.389709 750.143005 340.724396, -616.576050 609.473022 341.152832, 
443.281250 -565.001099 -534.077759, -467.367767 -258.446594 -97.992744, 521.492432 -496.008087 -683.781372, 378.890137 -556.426514 -675.633789, -326.996094 -257.760162 -95.874580, 372.960754 -414.635590 -612.270996, 512.730713 -425.614166 -545.114380, -82.707359 488.678375 349.011139, -617.389587 750.143005 340.724457, -616.575989 609.472900 341.152863, 
